[HEADER]
H01=项目编号:
H02=项目注释:
H03=用户:
H04=测量日期:	21.04.2023
H05=测量时间:	15:25:28
H06=文件名称:	C:\Users\Test-02\Desktop\421HF\8右\file_05.dat
H07=车厢号码:
H08=轮副:
H09=轨道基本间距:	0
H10=轨迹偏移:	0
H11=测量点数:	2593
H12=测量:	好
H14=轮子:	L
H13=扩展注释:
[MeasurementData]
[mm] [µm]
0	0,0	
1	-0,4	
2	0,4	
3	0,1	
4	0,1	
5	-1,6	
6	-0,9	
7	0,8	
8	-1,1	
9	-0,6	
10	-0,1	
11	4,4	
12	4,6	
13	1,5	
14	-0,9	
15	-0,4	
16	4,2	
17	-1,0	
18	-1,5	
19	-1,6	
20	-1,3	
21	-1,5	
22	-0,7	
23	0,0	
24	-1,5	
25	-0,9	
26	-0,8	
27	-1,0	
28	-1,1	
29	-1,2	
30	-1,1	
31	-2,5	
32	-0,9	
33	-0,8	
34	-1,2	
35	-2,1	
36	-1,1	
37	-0,7	
38	-1,1	
39	-1,5	
40	-1,5	
41	-1,1	
42	-2,3	
43	-2,4	
44	-2,4	
45	-3,1	
46	-1,8	
47	-2,4	
48	-1,7	
49	-1,9	
50	-1,7	
51	-1,8	
52	-2,5	
53	-2,3	
54	-1,8	
55	-1,6	
56	-1,6	
57	-0,9	
58	-1,1	
59	-1,2	
60	-1,2	
61	-1,8	
62	-1,5	
63	-1,3	
64	-1,7	
65	-2,2	
66	-1,9	
67	-2,2	
68	-2,4	
69	-2,8	
70	-2,7	
71	-2,4	
72	-2,7	
73	-2,2	
74	-2,8	
75	-2,0	
76	-2,2	
77	-2,1	
78	-0,9	
79	-1,6	
80	-1,5	
81	-2,4	
82	-1,8	
83	-2,6	
84	-1,4	
85	-2,4	
86	-1,9	
87	-1,9	
88	-2,5	
89	-1,2	
90	-2,6	
91	-2,9	
92	-2,8	
93	-2,7	
94	-2,6	
95	-2,8	
96	-2,3	
97	-3,8	
98	-1,5	
99	-4,2	
100	-3,9	
101	-3,9	
102	-1,3	
103	-3,6	
104	-3,6	
105	-1,8	
106	-2,9	
107	-3,0	
108	-2,9	
109	-2,9	
110	-1,4	
111	-2,5	
112	-2,5	
113	-2,2	
114	-3,0	
115	-2,9	
116	-3,1	
117	-3,3	
118	-2,9	
119	-3,5	
120	-3,6	
121	-4,0	
122	-4,2	
123	-2,9	
124	-4,3	
125	-4,6	
126	-4,7	
127	-4,7	
128	-1,4	
129	-4,7	
130	-4,7	
131	-4,6	
132	-5,5	
133	-5,4	
134	-6,0	
135	-6,3	
136	-6,0	
137	-5,8	
138	-5,8	
139	-5,2	
140	-5,0	
141	-5,1	
142	-4,5	
143	-5,4	
144	-5,0	
145	-5,2	
146	-4,8	
147	-5,5	
148	-6,5	
149	-6,3	
150	-6,1	
151	-6,3	
152	-5,7	
153	-6,7	
154	-7,3	
155	-7,5	
156	-8,1	
157	-7,3	
158	-6,1	
159	-7,4	
160	-7,6	
161	-7,2	
162	-7,3	
163	-6,7	
164	-5,1	
165	-6,4	
166	-6,4	
167	-6,6	
168	-6,4	
169	-7,0	
170	-6,3	
171	-6,0	
172	-5,9	
173	-5,9	
174	-6,0	
175	-6,3	
176	-6,4	
177	-6,1	
178	-5,9	
179	-5,1	
180	-5,9	
181	-5,7	
182	-4,3	
183	-5,6	
184	-6,1	
185	-6,3	
186	-6,3	
187	-6,9	
188	-6,9	
189	-7,1	
190	-6,7	
191	-7,4	
192	-7,1	
193	-6,8	
194	-6,5	
195	-6,5	
196	-6,4	
197	-6,6	
198	-6,6	
199	-6,8	
200	-6,9	
201	-5,8	
202	-6,6	
203	-6,7	
204	-6,8	
205	-6,8	
206	-7,1	
207	-6,9	
208	-6,8	
209	-6,9	
210	-7,0	
211	-7,2	
212	-6,3	
213	-7,3	
214	-7,8	
215	-8,0	
216	-8,0	
217	-8,3	
218	-8,2	
219	-7,7	
220	-7,7	
221	-6,7	
222	-5,7	
223	-5,4	
224	-5,7	
225	-6,1	
226	-5,8	
227	-5,3	
228	-5,5	
229	-6,0	
230	-5,4	
231	-4,5	
232	-5,9	
233	-6,6	
234	-6,0	
235	-5,6	
236	-5,9	
237	-5,1	
238	-4,9	
239	-6,2	
240	-6,4	
241	-5,8	
242	-5,0	
243	-6,8	
244	-7,2	
245	-6,0	
246	-6,5	
247	-7,1	
248	-5,5	
249	-7,1	
250	-6,8	
251	-7,6	
252	-6,8	
253	-7,3	
254	-6,6	
255	-7,3	
256	-6,7	
257	-7,1	
258	-6,4	
259	-7,0	
260	-7,4	
261	-7,1	
262	-7,6	
263	-8,1	
264	-7,6	
265	-7,6	
266	-8,3	
267	-7,5	
268	-8,4	
269	-8,2	
270	-8,7	
271	-8,8	
272	-9,0	
273	-9,3	
274	-10,0	
275	-8,7	
276	-10,0	
277	-9,5	
278	-9,7	
279	-9,3	
280	-8,7	
281	-8,7	
282	-8,4	
283	-8,4	
284	-8,2	
285	-9,0	
286	-9,0	
287	-8,1	
288	-9,0	
289	-8,3	
290	-7,6	
291	-7,9	
292	-8,1	
293	-8,7	
294	-8,3	
295	-8,1	
296	-8,7	
297	-9,1	
298	-9,1	
299	-9,5	
300	-10,1	
301	-9,6	
302	-10,5	
303	-10,6	
304	-11,0	
305	-11,8	
306	-11,5	
307	-10,6	
308	-11,6	
309	-12,5	
310	-11,7	
311	-11,5	
312	-11,7	
313	-11,5	
314	-11,3	
315	-10,7	
316	-11,1	
317	-10,8	
318	-10,8	
319	-11,2	
320	-11,5	
321	-11,2	
322	-11,5	
323	-10,8	
324	-10,1	
325	-7,8	
326	-11,0	
327	-11,0	
328	-10,1	
329	-10,8	
330	-10,5	
331	-10,1	
332	-12,0	
333	-12,4	
334	-11,8	
335	-11,4	
336	-12,4	
337	-10,3	
338	-11,5	
339	-12,0	
340	-11,8	
341	-12,2	
342	-11,8	
343	-11,9	
344	-11,8	
345	-12,1	
346	-11,2	
347	-11,6	
348	-12,2	
349	-11,6	
350	-10,4	
351	-12,0	
352	-10,7	
353	-12,1	
354	-12,4	
355	-12,4	
356	-12,8	
357	-13,1	
358	-12,9	
359	-13,4	
360	-14,2	
361	-14,4	
362	-13,5	
363	-14,4	
364	-14,4	
365	-14,0	
366	-13,6	
367	-14,3	
368	-14,2	
369	-14,1	
370	-14,0	
371	-14,4	
372	-14,9	
373	-14,5	
374	-15,2	
375	-12,1	
376	-14,7	
377	-15,0	
378	-15,3	
379	-15,8	
380	-14,9	
381	-15,5	
382	-15,0	
383	-15,1	
384	-15,0	
385	-13,5	
386	-16,9	
387	-16,5	
388	-17,1	
389	-17,9	
390	-17,6	
391	-18,0	
392	-17,5	
393	-16,3	
394	-17,1	
395	-16,8	
396	-17,4	
397	-17,3	
398	-17,0	
399	-17,2	
400	-17,5	
401	-16,7	
402	-17,6	
403	-17,1	
404	-15,9	
405	-17,5	
406	-16,7	
407	-17,0	
408	-16,8	
409	-17,3	
410	-17,2	
411	-16,5	
412	-17,8	
413	-17,9	
414	-17,9	
415	-18,5	
416	-18,8	
417	-17,9	
418	-16,1	
419	-18,6	
420	-19,4	
421	-18,9	
422	-19,7	
423	-19,8	
424	-20,0	
425	-20,1	
426	-20,4	
427	-20,0	
428	-19,8	
429	-20,4	
430	-19,5	
431	-20,1	
432	-19,7	
433	-19,0	
434	-19,3	
435	-19,9	
436	-17,1	
437	-19,3	
438	-21,0	
439	-17,7	
440	-22,0	
441	-21,9	
442	-22,3	
443	-21,9	
444	-22,2	
445	-21,0	
446	-22,4	
447	-22,1	
448	-21,7	
449	-20,0	
450	-21,4	
451	-21,5	
452	-21,9	
453	-21,7	
454	-22,1	
455	-23,0	
456	-22,0	
457	-22,3	
458	-22,0	
459	-20,0	
460	-21,7	
461	-21,5	
462	-21,3	
463	-21,6	
464	-21,6	
465	-20,7	
466	-21,1	
467	-21,6	
468	-21,3	
469	-21,7	
470	-22,1	
471	-22,0	
472	-20,1	
473	-23,0	
474	-22,7	
475	-23,5	
476	-24,5	
477	-23,7	
478	-24,1	
479	-24,0	
480	-24,6	
481	-24,9	
482	-23,8	
483	-22,7	
484	-23,8	
485	-23,3	
486	-22,9	
487	-22,3	
488	-22,9	
489	-23,4	
490	-23,6	
491	-20,9	
492	-23,7	
493	-23,2	
494	-22,7	
495	-23,2	
496	-23,4	
497	-23,4	
498	-23,4	
499	-22,7	
500	-23,7	
501	-23,0	
502	-24,5	
503	-24,8	
504	-24,7	
505	-24,3	
506	-24,9	
507	-25,4	
508	-25,3	
509	-25,2	
510	-24,0	
511	-24,5	
512	-24,0	
513	-23,6	
514	-24,6	
515	-24,5	
516	-25,0	
517	-25,2	
518	-25,5	
519	-25,2	
520	-24,9	
521	-24,7	
522	-24,3	
523	-24,5	
524	-24,6	
525	-25,1	
526	-24,5	
527	-24,1	
528	-25,4	
529	-26,5	
530	-25,4	
531	-25,8	
532	-25,5	
533	-26,2	
534	-26,6	
535	-26,3	
536	-24,8	
537	-25,6	
538	-25,0	
539	-25,2	
540	-25,2	
541	-25,4	
542	-25,3	
543	-24,0	
544	-25,1	
545	-24,2	
546	-24,9	
547	-25,1	
548	-25,2	
549	-24,1	
550	-25,2	
551	-25,0	
552	-25,5	
553	-24,6	
554	-25,6	
555	-26,1	
556	-26,6	
557	-26,2	
558	-26,6	
559	-25,7	
560	-25,7	
561	-26,3	
562	-27,3	
563	-27,3	
564	-27,0	
565	-26,8	
566	-25,7	
567	-26,7	
568	-26,4	
569	-26,4	
570	-25,0	
571	-25,9	
572	-25,8	
573	-26,3	
574	-26,0	
575	-25,7	
576	-26,6	
577	-26,1	
578	-25,1	
579	-26,0	
580	-25,7	
581	-25,2	
582	-26,2	
583	-26,0	
584	-26,3	
585	-26,5	
586	-26,9	
587	-26,8	
588	-26,0	
589	-25,9	
590	-26,3	
591	-26,1	
592	-26,6	
593	-27,0	
594	-26,3	
595	-25,2	
596	-25,5	
597	-27,1	
598	-26,5	
599	-27,0	
600	-27,3	
601	-26,6	
602	-25,7	
603	-26,0	
604	-26,5	
605	-24,2	
606	-26,9	
607	-26,7	
608	-23,3	
609	-26,4	
610	-25,7	
611	-26,4	
612	-26,5	
613	-26,5	
614	-25,4	
615	-27,8	
616	-27,3	
617	-27,6	
618	-27,8	
619	-27,5	
620	-28,0	
621	-28,3	
622	-26,6	
623	-25,7	
624	-26,6	
625	-25,7	
626	-25,0	
627	-26,4	
628	-27,1	
629	-26,0	
630	-26,6	
631	-26,0	
632	-26,0	
633	-26,6	
634	-26,7	
635	-26,0	
636	-26,5	
637	-26,0	
638	-26,4	
639	-26,7	
640	-26,3	
641	-26,7	
642	-25,8	
643	-26,4	
644	-26,7	
645	-26,0	
646	-24,4	
647	-26,7	
648	-26,7	
649	-26,8	
650	-25,7	
651	-26,6	
652	-26,5	
653	-26,3	
654	-25,7	
655	-25,5	
656	-25,8	
657	-26,3	
658	-26,9	
659	-27,0	
660	-27,0	
661	-26,6	
662	-27,1	
663	-27,3	
664	-27,4	
665	-27,5	
666	-27,7	
667	-26,8	
668	-27,4	
669	-27,7	
670	-28,0	
671	-28,4	
672	-28,9	
673	-30,5	
674	-30,2	
675	-29,6	
676	-30,0	
677	-29,1	
678	-29,4	
679	-28,7	
680	-28,3	
681	-26,0	
682	-27,0	
683	-27,1	
684	-26,6	
685	-25,4	
686	-26,0	
687	-26,3	
688	-26,2	
689	-26,0	
690	-25,6	
691	-25,7	
692	-26,0	
693	-26,1	
694	-25,5	
695	-25,4	
696	-25,1	
697	-25,6	
698	-25,3	
699	-25,7	
700	-25,0	
701	-25,5	
702	-25,4	
703	-25,7	
704	-25,2	
705	-25,0	
706	-24,6	
707	-22,3	
708	-23,7	
709	-23,1	
710	-24,1	
711	-23,9	
712	-24,6	
713	-24,5	
714	-22,9	
715	-23,0	
716	-24,7	
717	-24,2	
718	-24,9	
719	-24,9	
720	-24,9	
721	-24,0	
722	-25,0	
723	-25,3	
724	-25,0	
725	-24,1	
726	-24,3	
727	-24,9	
728	-25,8	
729	-25,3	
730	-25,8	
731	-25,1	
732	-25,3	
733	-25,5	
734	-25,4	
735	-24,7	
736	-24,7	
737	-24,6	
738	-23,4	
739	-24,2	
740	-23,1	
741	-23,6	
742	-23,0	
743	-23,3	
744	-22,4	
745	-23,9	
746	-23,3	
747	-23,0	
748	-23,3	
749	-22,7	
750	-22,3	
751	-21,8	
752	-22,3	
753	-22,6	
754	-22,7	
755	-23,0	
756	-22,6	
757	-23,3	
758	-22,1	
759	-22,6	
760	-22,1	
761	-22,4	
762	-22,0	
763	-21,4	
764	-23,3	
765	-21,9	
766	-20,5	
767	-21,9	
768	-20,2	
769	-22,1	
770	-22,2	
771	-21,6	
772	-21,6	
773	-21,9	
774	-20,8	
775	-21,6	
776	-21,2	
777	-21,2	
778	-20,8	
779	-20,9	
780	-20,9	
781	-19,4	
782	-18,9	
783	-19,9	
784	-21,1	
785	-21,2	
786	-20,7	
787	-21,2	
788	-21,5	
789	-19,6	
790	-21,1	
791	-21,8	
792	-22,6	
793	-21,6	
794	-21,1	
795	-20,3	
796	-20,0	
797	-20,0	
798	-19,4	
799	-19,0	
800	-19,4	
801	-20,0	
802	-20,7	
803	-19,9	
804	-19,0	
805	-19,5	
806	-18,9	
807	-19,0	
808	-19,0	
809	-18,8	
810	-18,3	
811	-17,9	
812	-18,4	
813	-17,9	
814	-17,9	
815	-17,0	
816	-18,3	
817	-18,0	
818	-17,6	
819	-18,2	
820	-17,8	
821	-18,6	
822	-18,0	
823	-17,3	
824	-16,5	
825	-17,2	
826	-17,1	
827	-17,4	
828	-17,6	
829	-17,3	
830	-16,4	
831	-6,9	
832	-16,3	
833	-15,9	
834	-15,5	
835	-16,4	
836	-16,7	
837	-15,8	
838	-15,4	
839	-14,8	
840	-14,8	
841	-15,4	
842	-15,4	
843	-14,9	
844	-15,7	
845	-14,9	
846	-16,1	
847	-15,4	
848	-15,3	
849	-15,7	
850	-15,2	
851	-14,5	
852	-14,4	
853	-13,4	
854	-13,4	
855	-12,6	
856	-13,5	
857	-12,7	
858	-12,5	
859	-11,3	
860	-10,8	
861	-12,6	
862	-12,7	
863	-12,6	
864	-12,0	
865	-11,5	
866	-10,2	
867	-9,9	
868	-10,1	
869	-10,6	
870	-10,7	
871	-8,8	
872	-10,7	
873	-11,0	
874	-11,2	
875	-9,9	
876	-8,3	
877	-9,8	
878	-9,8	
879	-9,4	
880	-9,7	
881	-9,5	
882	-9,4	
883	-8,7	
884	-8,8	
885	-7,8	
886	-9,3	
887	-8,2	
888	-8,3	
889	-8,6	
890	-8,3	
891	-7,9	
892	-7,8	
893	-8,4	
894	-8,0	
895	-7,9	
896	-8,0	
897	-7,2	
898	-7,8	
899	-7,4	
900	-7,3	
901	-7,6	
902	-8,3	
903	-8,4	
904	-7,9	
905	-6,5	
906	-7,9	
907	-7,5	
908	-7,5	
909	-8,1	
910	-7,2	
911	-7,3	
912	-6,7	
913	-4,9	
914	-5,7	
915	-5,5	
916	-4,1	
917	-3,8	
918	-3,9	
919	-4,7	
920	-3,3	
921	-2,2	
922	-4,1	
923	-3,2	
924	-3,1	
925	-3,8	
926	-2,7	
927	-3,8	
928	-4,0	
929	-2,9	
930	-3,0	
931	-2,8	
932	-2,5	
933	-0,8	
934	0,1	
935	-1,2	
936	-1,5	
937	-1,7	
938	-1,6	
939	-1,7	
940	-0,2	
941	-0,8	
942	-0,7	
943	-0,1	
944	-0,4	
945	0,9	
946	0,4	
947	0,8	
948	0,9	
949	-0,1	
950	1,3	
951	0,7	
952	0,6	
953	0,1	
954	1,1	
955	2,0	
956	0,6	
957	0,7	
958	1,9	
959	1,5	
960	1,0	
961	0,7	
962	1,5	
963	1,3	
964	1,3	
965	1,5	
966	1,6	
967	2,6	
968	3,0	
969	3,5	
970	4,2	
971	4,2	
972	5,0	
973	4,4	
974	4,6	
975	5,5	
976	5,0	
977	5,2	
978	5,7	
979	5,3	
980	5,9	
981	5,9	
982	6,3	
983	7,5	
984	7,3	
985	8,3	
986	7,7	
987	6,9	
988	7,4	
989	7,5	
990	8,1	
991	8,2	
992	7,4	
993	7,1	
994	7,3	
995	7,8	
996	8,9	
997	7,6	
998	8,1	
999	9,3	
1000	8,4	
1001	9,1	
1002	9,3	
1003	9,1	
1004	9,5	
1005	10,0	
1006	9,1	
1007	10,3	
1008	10,0	
1009	10,7	
1010	10,0	
1011	11,5	
1012	11,1	
1013	10,7	
1014	11,3	
1015	10,8	
1016	12,1	
1017	10,6	
1018	11,7	
1019	10,0	
1020	14,6	
1021	12,8	
1022	12,6	
1023	12,8	
1024	19,4	
1025	27,6	
1026	14,3	
1027	15,2	
1028	16,2	
1029	17,5	
1030	16,2	
1031	16,0	
1032	16,1	
1033	16,6	
1034	17,3	
1035	19,5	
1036	17,6	
1037	19,0	
1038	18,7	
1039	17,6	
1040	18,0	
1041	18,8	
1042	17,8	
1043	18,1	
1044	18,3	
1045	18,5	
1046	19,9	
1047	18,7	
1048	18,7	
1049	20,8	
1050	18,8	
1051	19,7	
1052	19,7	
1053	19,9	
1054	20,0	
1055	20,3	
1056	21,2	
1057	20,1	
1058	20,9	
1059	21,0	
1060	20,1	
1061	20,5	
1062	21,8	
1063	21,6	
1064	22,6	
1065	22,2	
1066	22,4	
1067	21,9	
1068	22,8	
1069	21,7	
1070	21,6	
1071	21,9	
1072	21,3	
1073	22,0	
1074	21,5	
1075	21,7	
1076	22,9	
1077	22,1	
1078	22,6	
1079	23,0	
1080	22,7	
1081	24,0	
1082	24,2	
1083	25,7	
1084	24,5	
1085	24,6	
1086	26,3	
1087	25,4	
1088	26,0	
1089	25,9	
1090	26,7	
1091	27,4	
1092	25,7	
1093	26,8	
1094	28,2	
1095	27,3	
1096	26,9	
1097	27,1	
1098	26,4	
1099	27,4	
1100	28,6	
1101	27,6	
1102	27,4	
1103	27,7	
1104	27,7	
1105	27,3	
1106	27,9	
1107	29,7	
1108	28,3	
1109	28,5	
1110	28,5	
1111	27,9	
1112	28,3	
1113	30,2	
1114	29,2	
1115	30,5	
1116	29,8	
1117	29,6	
1118	29,9	
1119	30,0	
1120	30,9	
1121	30,6	
1122	30,8	
1123	31,2	
1124	31,4	
1125	31,7	
1126	31,6	
1127	31,4	
1128	31,8	
1129	32,6	
1130	32,0	
1131	32,2	
1132	33,2	
1133	33,2	
1134	32,1	
1135	33,1	
1136	32,1	
1137	33,3	
1138	33,5	
1139	33,2	
1140	33,7	
1141	33,8	
1142	33,5	
1143	33,7	
1144	33,7	
1145	33,9	
1146	36,3	
1147	34,6	
1148	35,0	
1149	35,0	
1150	36,1	
1151	36,2	
1152	37,4	
1153	38,6	
1154	37,3	
1155	36,0	
1156	37,2	
1157	38,1	
1158	37,8	
1159	37,3	
1160	37,0	
1161	38,9	
1162	37,6	
1163	37,1	
1164	37,8	
1165	38,4	
1166	38,7	
1167	37,6	
1168	42,7	
1169	37,8	
1170	39,4	
1171	38,3	
1172	38,4	
1173	39,6	
1174	39,3	
1175	39,9	
1176	42,9	
1177	39,3	
1178	39,2	
1179	40,6	
1180	40,4	
1181	42,2	
1182	41,6	
1183	41,0	
1184	41,1	
1185	40,8	
1186	40,3	
1187	40,7	
1188	42,1	
1189	42,0	
1190	42,4	
1191	43,4	
1192	43,5	
1193	43,1	
1194	41,8	
1195	41,9	
1196	41,9	
1197	43,1	
1198	42,3	
1199	42,3	
1200	43,0	
1201	43,6	
1202	43,4	
1203	44,2	
1204	46,5	
1205	44,0	
1206	46,0	
1207	44,7	
1208	45,0	
1209	44,5	
1210	44,2	
1211	44,4	
1212	43,6	
1213	44,4	
1214	44,8	
1215	45,7	
1216	44,6	
1217	45,4	
1218	44,8	
1219	45,3	
1220	44,6	
1221	44,9	
1222	45,0	
1223	45,1	
1224	45,0	
1225	45,6	
1226	46,1	
1227	47,0	
1228	49,0	
1229	47,4	
1230	48,1	
1231	48,2	
1232	48,7	
1233	47,1	
1234	48,4	
1235	49,1	
1236	48,3	
1237	49,4	
1238	49,1	
1239	48,6	
1240	49,0	
1241	50,8	
1242	48,2	
1243	48,7	
1244	48,4	
1245	48,2	
1246	47,0	
1247	48,0	
1248	49,0	
1249	49,4	
1250	49,2	
1251	49,7	
1252	49,3	
1253	50,8	
1254	49,7	
1255	50,9	
1256	51,2	
1257	51,9	
1258	51,6	
1259	52,0	
1260	52,2	
1261	52,2	
1262	52,2	
1263	51,0	
1264	50,9	
1265	55,4	
1266	51,8	
1267	52,4	
1268	58,8	
1269	54,9	
1270	53,6	
1271	53,7	
1272	53,3	
1273	53,3	
1274	52,8	
1275	53,2	
1276	53,4	
1277	53,6	
1278	54,8	
1279	53,0	
1280	55,2	
1281	55,8	
1282	55,4	
1283	54,7	
1284	54,9	
1285	55,9	
1286	55,5	
1287	56,3	
1288	55,8	
1289	55,7	
1290	55,8	
1291	56,2	
1292	55,9	
1293	56,6	
1294	56,9	
1295	57,1	
1296	57,2	
1297	57,5	
1298	57,3	
1299	58,8	
1300	57,7	
1301	57,3	
1302	57,8	
1303	58,3	
1304	58,3	
1305	58,3	
1306	58,1	
1307	57,9	
1308	58,0	
1309	57,8	
1310	57,5	
1311	57,3	
1312	58,2	
1313	58,7	
1314	58,1	
1315	59,2	
1316	59,6	
1317	58,9	
1318	59,8	
1319	61,4	
1320	61,4	
1321	61,5	
1322	60,9	
1323	61,5	
1324	61,4	
1325	61,7	
1326	61,7	
1327	62,1	
1328	61,8	
1329	61,4	
1330	63,8	
1331	62,6	
1332	63,3	
1333	61,9	
1334	62,3	
1335	62,6	
1336	62,2	
1337	63,1	
1338	62,0	
1339	60,9	
1340	61,8	
1341	62,3	
1342	62,5	
1343	62,6	
1344	63,7	
1345	62,7	
1346	62,5	
1347	63,2	
1348	63,1	
1349	64,1	
1350	64,1	
1351	65,0	
1352	64,1	
1353	64,4	
1354	64,1	
1355	63,9	
1356	64,4	
1357	64,3	
1358	64,7	
1359	63,6	
1360	63,9	
1361	66,1	
1362	65,2	
1363	65,6	
1364	64,6	
1365	64,5	
1366	65,9	
1367	66,0	
1368	66,2	
1369	67,0	
1370	66,3	
1371	67,6	
1372	67,0	
1373	66,3	
1374	66,2	
1375	67,3	
1376	68,4	
1377	67,8	
1378	66,9	
1379	67,2	
1380	67,5	
1381	69,9	
1382	68,3	
1383	69,2	
1384	68,7	
1385	68,6	
1386	68,8	
1387	70,4	
1388	68,7	
1389	71,4	
1390	68,7	
1391	68,4	
1392	68,3	
1393	68,5	
1394	69,6	
1395	69,6	
1396	67,8	
1397	68,5	
1398	70,1	
1399	69,3	
1400	69,0	
1401	68,6	
1402	70,3	
1403	69,7	
1404	69,7	
1405	70,4	
1406	70,3	
1407	70,0	
1408	71,4	
1409	71,2	
1410	70,8	
1411	70,9	
1412	71,9	
1413	71,2	
1414	71,7	
1415	70,7	
1416	71,6	
1417	71,8	
1418	73,0	
1419	72,4	
1420	72,3	
1421	72,1	
1422	72,4	
1423	72,6	
1424	72,3	
1425	72,6	
1426	73,9	
1427	73,1	
1428	73,5	
1429	73,0	
1430	72,3	
1431	72,8	
1432	73,1	
1433	73,4	
1434	73,6	
1435	73,4	
1436	73,7	
1437	74,1	
1438	73,9	
1439	73,9	
1440	74,5	
1441	74,9	
1442	74,3	
1443	73,4	
1444	73,7	
1445	75,9	
1446	76,5	
1447	75,9	
1448	74,5	
1449	75,1	
1450	74,7	
1451	75,6	
1452	74,4	
1453	74,2	
1454	75,0	
1455	74,5	
1456	74,4	
1457	74,9	
1458	74,8	
1459	77,4	
1460	74,1	
1461	74,6	
1462	75,5	
1463	73,9	
1464	75,0	
1465	72,9	
1466	75,2	
1467	76,0	
1468	75,1	
1469	75,0	
1470	75,9	
1471	75,7	
1472	76,0	
1473	75,8	
1474	75,9	
1475	76,0	
1476	76,3	
1477	75,1	
1478	75,3	
1479	75,9	
1480	76,5	
1481	76,3	
1482	76,3	
1483	75,4	
1484	75,1	
1485	75,7	
1486	76,0	
1487	75,3	
1488	75,6	
1489	75,3	
1490	75,7	
1491	76,0	
1492	76,7	
1493	76,3	
1494	74,7	
1495	75,4	
1496	76,0	
1497	76,9	
1498	76,4	
1499	76,2	
1500	76,0	
1501	75,8	
1502	75,3	
1503	75,9	
1504	76,1	
1505	75,6	
1506	76,3	
1507	74,9	
1508	75,7	
1509	76,1	
1510	75,0	
1511	76,3	
1512	77,4	
1513	75,2	
1514	76,0	
1515	74,9	
1516	76,1	
1517	76,1	
1518	75,2	
1519	76,0	
1520	75,6	
1521	76,1	
1522	76,9	
1523	75,8	
1524	76,1	
1525	75,8	
1526	75,7	
1527	77,3	
1528	75,8	
1529	76,2	
1530	75,9	
1531	77,5	
1532	75,2	
1533	75,0	
1534	74,8	
1535	75,0	
1536	74,5	
1537	74,6	
1538	74,6	
1539	74,8	
1540	74,7	
1541	75,3	
1542	74,6	
1543	75,0	
1544	75,1	
1545	74,8	
1546	75,9	
1547	74,9	
1548	76,5	
1549	75,7	
1550	76,1	
1551	74,9	
1552	75,2	
1553	75,0	
1554	75,2	
1555	74,9	
1556	76,0	
1557	75,0	
1558	74,9	
1559	75,1	
1560	75,7	
1561	75,3	
1562	74,3	
1563	75,2	
1564	75,4	
1565	74,9	
1566	73,6	
1567	75,0	
1568	74,1	
1569	73,8	
1570	74,9	
1571	74,2	
1572	74,6	
1573	74,5	
1574	74,3	
1575	74,5	
1576	73,9	
1577	73,8	
1578	74,2	
1579	74,3	
1580	73,6	
1581	73,3	
1582	73,8	
1583	73,5	
1584	74,0	
1585	74,0	
1586	74,6	
1587	73,9	
1588	73,9	
1589	74,1	
1590	74,0	
1591	74,4	
1592	75,7	
1593	72,9	
1594	72,9	
1595	73,5	
1596	73,1	
1597	73,2	
1598	73,2	
1599	71,9	
1600	71,2	
1601	72,5	
1602	72,5	
1603	72,0	
1604	73,1	
1605	72,0	
1606	72,2	
1607	72,0	
1608	72,5	
1609	72,5	
1610	73,8	
1611	72,9	
1612	72,6	
1613	72,6	
1614	72,6	
1615	72,5	
1616	72,9	
1617	72,6	
1618	71,7	
1619	72,0	
1620	71,6	
1621	71,8	
1622	75,7	
1623	72,2	
1624	71,6	
1625	71,5	
1626	70,5	
1627	70,1	
1628	73,2	
1629	69,2	
1630	68,8	
1631	68,8	
1632	69,7	
1633	69,3	
1634	69,2	
1635	70,1	
1636	69,5	
1637	69,5	
1638	70,1	
1639	69,5	
1640	69,7	
1641	69,9	
1642	70,0	
1643	69,1	
1644	68,5	
1645	69,0	
1646	68,0	
1647	68,3	
1648	68,2	
1649	68,5	
1650	66,7	
1651	68,5	
1652	67,5	
1653	67,7	
1654	67,3	
1655	67,6	
1656	67,6	
1657	67,6	
1658	66,9	
1659	66,4	
1660	66,8	
1661	66,3	
1662	65,8	
1663	67,1	
1664	65,7	
1665	66,0	
1666	65,2	
1667	65,5	
1668	65,5	
1669	67,3	
1670	64,1	
1671	64,3	
1672	64,0	
1673	64,4	
1674	64,4	
1675	64,1	
1676	64,3	
1677	63,5	
1678	63,3	
1679	64,2	
1680	63,0	
1681	62,1	
1682	61,5	
1683	61,5	
1684	61,4	
1685	61,5	
1686	61,8	
1687	61,1	
1688	60,8	
1689	60,2	
1690	60,2	
1691	59,5	
1692	60,0	
1693	59,2	
1694	59,3	
1695	58,7	
1696	58,8	
1697	59,4	
1698	58,0	
1699	58,3	
1700	58,5	
1701	59,2	
1702	57,9	
1703	59,4	
1704	59,1	
1705	58,9	
1706	57,8	
1707	56,8	
1708	56,2	
1709	56,8	
1710	55,6	
1711	55,7	
1712	55,7	
1713	54,7	
1714	55,1	
1715	53,4	
1716	54,2	
1717	54,4	
1718	54,1	
1719	53,5	
1720	51,1	
1721	53,1	
1722	53,0	
1723	52,9	
1724	53,6	
1725	53,0	
1726	52,3	
1727	52,8	
1728	53,2	
1729	52,5	
1730	53,0	
1731	51,4	
1732	52,3	
1733	51,6	
1734	51,7	
1735	51,5	
1736	50,9	
1737	51,0	
1738	50,8	
1739	50,6	
1740	49,4	
1741	50,2	
1742	49,5	
1743	50,0	
1744	48,7	
1745	49,0	
1746	47,8	
1747	47,4	
1748	47,5	
1749	46,1	
1750	47,1	
1751	46,8	
1752	46,0	
1753	46,3	
1754	46,1	
1755	47,7	
1756	45,6	
1757	45,1	
1758	44,7	
1759	45,7	
1760	44,5	
1761	45,1	
1762	44,2	
1763	43,9	
1764	43,8	
1765	44,1	
1766	43,5	
1767	42,7	
1768	43,1	
1769	42,6	
1770	42,7	
1771	41,4	
1772	41,0	
1773	41,1	
1774	41,0	
1775	40,8	
1776	40,1	
1777	40,8	
1778	40,2	
1779	39,6	
1780	38,9	
1781	38,9	
1782	39,1	
1783	38,8	
1784	40,2	
1785	39,1	
1786	38,0	
1787	37,5	
1788	37,4	
1789	36,9	
1790	35,4	
1791	37,2	
1792	36,9	
1793	37,7	
1794	37,1	
1795	36,4	
1796	36,3	
1797	36,2	
1798	36,2	
1799	36,0	
1800	36,0	
1801	32,8	
1802	35,9	
1803	33,7	
1804	33,9	
1805	33,4	
1806	33,1	
1807	33,1	
1808	32,7	
1809	32,1	
1810	31,1	
1811	31,3	
1812	32,6	
1813	31,6	
1814	31,0	
1815	30,9	
1816	31,4	
1817	31,3	
1818	30,8	
1819	30,9	
1820	30,8	
1821	30,2	
1822	30,7	
1823	29,4	
1824	30,1	
1825	30,4	
1826	28,7	
1827	31,8	
1828	27,3	
1829	26,5	
1830	27,4	
1831	27,6	
1832	27,7	
1833	27,9	
1834	27,4	
1835	26,7	
1836	26,8	
1837	26,7	
1838	26,9	
1839	25,7	
1840	26,0	
1841	24,8	
1842	25,5	
1843	24,5	
1844	23,5	
1845	23,4	
1846	22,8	
1847	24,0	
1848	22,6	
1849	23,2	
1850	22,9	
1851	22,9	
1852	22,3	
1853	22,9	
1854	22,0	
1855	21,7	
1856	21,7	
1857	20,8	
1858	21,0	
1859	20,3	
1860	19,3	
1861	20,5	
1862	20,5	
1863	18,8	
1864	19,0	
1865	18,1	
1866	18,5	
1867	19,1	
1868	19,2	
1869	20,7	
1870	20,0	
1871	17,9	
1872	18,3	
1873	17,8	
1874	17,3	
1875	17,4	
1876	16,1	
1877	16,6	
1878	17,2	
1879	15,5	
1880	15,9	
1881	15,0	
1882	15,2	
1883	14,6	
1884	13,6	
1885	13,6	
1886	13,2	
1887	13,0	
1888	12,1	
1889	13,3	
1890	13,3	
1891	11,3	
1892	11,5	
1893	11,4	
1894	11,1	
1895	10,8	
1896	10,8	
1897	11,5	
1898	11,0	
1899	10,4	
1900	10,4	
1901	10,5	
1902	10,0	
1903	8,8	
1904	14,5	
1905	9,7	
1906	9,6	
1907	9,4	
1908	8,5	
1909	8,7	
1910	7,9	
1911	8,0	
1912	7,9	
1913	8,4	
1914	7,8	
1915	6,8	
1916	6,1	
1917	6,5	
1918	6,6	
1919	7,0	
1920	6,2	
1921	5,8	
1922	5,2	
1923	5,8	
1924	6,5	
1925	7,0	
1926	6,3	
1927	5,6	
1928	5,9	
1929	5,4	
1930	5,6	
1931	5,3	
1932	7,8	
1933	4,5	
1934	5,1	
1935	4,4	
1936	4,9	
1937	4,8	
1938	3,9	
1939	4,1	
1940	5,1	
1941	3,4	
1942	2,9	
1943	1,8	
1944	2,2	
1945	2,7	
1946	2,3	
1947	2,0	
1948	1,0	
1949	2,0	
1950	1,4	
1951	0,8	
1952	0,9	
1953	0,4	
1954	0,3	
1955	1,0	
1956	1,1	
1957	0,0	
1958	0,8	
1959	0,7	
1960	0,8	
1961	0,1	
1962	0,1	
1963	-0,4	
1964	0,1	
1965	-0,4	
1966	0,6	
1967	0,6	
1968	-0,7	
1969	-0,3	
1970	-0,5	
1971	-1,1	
1972	-1,6	
1973	-1,6	
1974	-1,4	
1975	-1,7	
1976	-2,0	
1977	-1,3	
1978	-2,1	
1979	-2,0	
1980	-2,4	
1981	-1,4	
1982	-2,1	
1983	-1,6	
1984	-2,2	
1985	-3,6	
1986	-2,2	
1987	-1,0	
1988	-2,3	
1989	-1,8	
1990	-2,1	
1991	-1,8	
1992	-3,3	
1993	-2,2	
1994	-0,8	
1995	-3,3	
1996	-3,3	
1997	-4,8	
1998	-3,9	
1999	-3,7	
2000	-4,3	
2001	-2,8	
2002	-3,9	
2003	-2,9	
2004	-4,5	
2005	-4,1	
2006	-4,6	
2007	-5,5	
2008	-5,9	
2009	-5,1	
2010	-5,3	
2011	-5,5	
2012	-5,1	
2013	-6,2	
2014	-5,2	
2015	-6,2	
2016	-6,1	
2017	-6,2	
2018	-7,0	
2019	-6,8	
2020	-6,6	
2021	-6,3	
2022	-5,3	
2023	-6,5	
2024	-6,1	
2025	-6,5	
2026	-5,4	
2027	-5,3	
2028	-6,5	
2029	-6,5	
2030	-6,3	
2031	-6,8	
2032	-7,1	
2033	-7,5	
2034	-6,0	
2035	-7,5	
2036	-7,8	
2037	-7,7	
2038	-7,4	
2039	-6,9	
2040	-7,5	
2041	-4,8	
2042	-6,4	
2043	-7,0	
2044	-7,4	
2045	-6,6	
2046	-8,4	
2047	-7,5	
2048	-7,8	
2049	-6,8	
2050	-8,4	
2051	-9,9	
2052	-7,3	
2053	-7,1	
2054	-8,1	
2055	-8,2	
2056	-8,1	
2057	-7,8	
2058	-8,5	
2059	-8,7	
2060	-6,7	
2061	-8,4	
2062	-8,7	
2063	-8,8	
2064	-8,9	
2065	-9,5	
2066	-9,3	
2067	-10,1	
2068	-6,7	
2069	-9,1	
2070	-8,6	
2071	-9,4	
2072	-9,3	
2073	-9,5	
2074	-8,7	
2075	-9,0	
2076	-8,6	
2077	-9,0	
2078	-7,7	
2079	-9,4	
2080	-9,1	
2081	-9,3	
2082	-9,0	
2083	-9,7	
2084	-9,1	
2085	-9,8	
2086	-9,6	
2087	-9,5	
2088	-9,5	
2089	-9,3	
2090	-10,8	
2091	-1,2	
2092	-10,3	
2093	-9,9	
2094	-9,9	
2095	-10,2	
2096	-10,4	
2097	-10,2	
2098	-10,0	
2099	-9,7	
2100	-9,2	
2101	-10,0	
2102	-9,3	
2103	-12,2	
2104	-9,9	
2105	-10,4	
2106	-8,9	
2107	-9,4	
2108	-9,7	
2109	-9,7	
2110	-9,5	
2111	-9,8	
2112	-10,0	
2113	-9,9	
2114	-10,2	
2115	-9,7	
2116	-10,7	
2117	-10,3	
2118	-9,2	
2119	-10,4	
2120	-9,8	
2121	-9,9	
2122	-10,5	
2123	-9,7	
2124	-9,5	
2125	-10,1	
2126	-9,2	
2127	-10,2	
2128	-9,7	
2129	-9,8	
2130	-9,7	
2131	-10,1	
2132	-9,0	
2133	-10,3	
2134	-9,6	
2135	-9,2	
2136	-9,4	
2137	-10,5	
2138	-10,7	
2139	-10,2	
2140	-9,5	
2141	-10,8	
2142	-10,2	
2143	-11,1	
2144	-11,4	
2145	-10,8	
2146	-11,6	
2147	-9,3	
2148	-12,6	
2149	-12,0	
2150	-12,3	
2151	-12,5	
2152	-11,7	
2153	-11,2	
2154	-10,9	
2155	-9,6	
2156	-10,7	
2157	-9,1	
2158	-8,9	
2159	-9,4	
2160	-8,6	
2161	-10,1	
2162	-9,8	
2163	-8,1	
2164	-8,4	
2165	-8,0	
2166	-8,8	
2167	-9,3	
2168	-9,1	
2169	-9,1	
2170	-7,1	
2171	-7,7	
2172	-8,9	
2173	-8,9	
2174	-8,5	
2175	-8,5	
2176	-9,1	
2177	-7,3	
2178	-8,0	
2179	-8,6	
2180	-8,6	
2181	-8,7	
2182	-9,1	
2183	-7,5	
2184	-7,6	
2185	-7,8	
2186	-7,9	
2187	-7,6	
2188	-6,9	
2189	-7,9	
2190	-8,5	
2191	-8,0	
2192	-8,0	
2193	-8,2	
2194	-7,8	
2195	-8,0	
2196	-8,6	
2197	-8,7	
2198	-8,4	
2199	-8,0	
2200	-10,1	
2201	-7,5	
2202	-8,3	
2203	-8,5	
2204	-8,9	
2205	-7,1	
2206	-7,5	
2207	-5,3	
2208	-8,6	
2209	-9,3	
2210	-8,4	
2211	-8,5	
2212	-7,6	
2213	-7,7	
2214	-7,5	
2215	-7,0	
2216	-6,9	
2217	-6,8	
2218	-7,1	
2219	-7,2	
2220	-6,5	
2221	-6,1	
2222	-6,0	
2223	-6,2	
2224	-6,8	
2225	-6,3	
2226	-6,4	
2227	-6,0	
2228	-7,8	
2229	-4,8	
2230	-8,8	
2231	-5,9	
2232	-6,4	
2233	-6,0	
2234	-6,7	
2235	-6,6	
2236	-6,3	
2237	-5,0	
2238	-6,2	
2239	-5,2	
2240	-5,9	
2241	-5,2	
2242	-5,8	
2243	-5,6	
2244	-5,7	
2245	-5,7	
2246	-5,3	
2247	-6,3	
2248	-6,4	
2249	-6,4	
2250	-6,3	
2251	-5,9	
2252	-5,8	
2253	-6,2	
2254	-6,0	
2255	-6,0	
2256	-6,2	
2257	-5,2	
2258	-4,8	
2259	-6,5	
2260	-6,6	
2261	-6,1	
2262	-6,7	
2263	-5,8	
2264	-5,8	
2265	-5,9	
2266	-5,6	
2267	-5,8	
2268	-5,6	
2269	-5,0	
2270	-4,1	
2271	-5,7	
2272	-4,6	
2273	-4,5	
2274	-3,7	
2275	-4,3	
2276	-4,6	
2277	-3,9	
2278	-2,4	
2279	-4,6	
2280	-4,2	
2281	-3,7	
2282	-3,0	
2283	-4,8	
2284	-2,1	
2285	-3,6	
2286	-3,8	
2287	-4,0	
2288	-4,3	
2289	-3,3	
2290	-3,2	
2291	-3,6	
2292	-4,1	
2293	-4,1	
2294	-4,1	
2295	-4,1	
2296	-4,3	
2297	-4,7	
2298	-3,6	
2299	-3,6	
2300	-3,6	
2301	-2,8	
2302	-3,9	
2303	-2,5	
2304	-2,4	
2305	-0,2	
2306	-2,9	
2307	-3,2	
2308	-3,1	
2309	-3,3	
2310	-3,1	
2311	-3,4	
2312	-3,4	
2313	-3,8	
2314	-3,0	
2315	-3,2	
2316	-3,0	
2317	-3,3	
2318	-2,2	
2319	-2,9	
2320	-1,8	
2321	-3,0	
2322	-2,5	
2323	-2,8	
2324	-3,4	
2325	-2,8	
2326	-2,5	
2327	-2,7	
2328	-2,9	
2329	-2,2	
2330	-2,2	
2331	-0,6	
2332	-2,0	
2333	-1,5	
2334	-1,0	
2335	-2,5	
2336	-0,4	
2337	-0,6	
2338	0,3	
2339	-1,1	
2340	-0,6	
2341	0,3	
2342	-0,4	
2343	1,6	
2344	0,9	
2345	0,3	
2346	0,0	
2347	0,4	
2348	0,0	
2349	0,0	
2350	0,9	
2351	0,0	
2352	-0,9	
2353	0,1	
2354	0,0	
2355	-0,7	
2356	-0,4	
2357	0,5	
2358	0,9	
2359	0,5	
2360	0,4	
2361	1,3	
2362	0,4	
2363	0,8	
2364	0,4	
2365	1,3	
2366	0,8	
2367	0,5	
2368	0,7	
2369	1,2	
2370	0,4	
2371	2,7	
2372	1,1	
2373	1,3	
2374	-0,3	
2375	-0,2	
2376	0,1	
2377	0,2	
2378	2,7	
2379	0,6	
2380	0,9	
2381	1,3	
2382	0,9	
2383	1,9	
2384	0,9	
2385	1,5	
2386	2,9	
2387	3,3	
2388	1,7	
2389	1,7	
2390	2,3	
2391	2,7	
2392	2,0	
2393	2,9	
2394	3,4	
2395	3,3	
2396	2,8	
2397	5,1	
2398	3,8	
2399	3,3	
2400	2,7	
2401	2,9	
2402	2,8	
2403	1,7	
2404	3,0	
2405	3,4	
2406	3,1	
2407	7,4	
2408	4,9	
2409	7,1	
2410	3,7	
2411	5,0	
2412	15,6	
2413	6,8	
2414	5,1	
2415	7,4	
2416	4,1	
2417	4,5	
2418	5,0	
2419	4,4	
2420	10,1	
2421	9,4	
2422	10,8	
2423	13,6	
2424	7,0	
2425	6,4	
2426	6,3	
2427	5,5	
2428	3,3	
2429	3,4	
2430	8,6	
2431	17,4	
2432	5,2	
2433	4,3	
2434	3,9	
2435	4,4	
2436	4,2	
2437	7,5	
2438	4,2	
2439	4,7	
2440	5,3	
2441	3,9	
2442	4,5	
2443	5,6	
2444	9,2	
2445	5,9	
2446	6,4	
2447	6,9	
2448	9,3	
2449	9,5	
2450	6,0	
2451	9,8	
2452	6,2	
2453	5,7	
2454	6,9	
2455	6,6	
2456	5,7	
2457	5,8	
2458	6,7	
2459	5,8	
2460	5,3	
2461	6,5	
2462	6,0	
2463	6,8	
2464	6,9	
2465	5,2	
2466	5,6	
2467	11,6	
2468	13,7	
2469	13,9	
2470	13,4	
2471	9,1	
2472	15,6	
2473	18,0	
2474	10,6	
2475	6,9	
2476	7,1	
2477	13,5	
2478	6,4	
2479	6,5	
2480	5,5	
2481	6,3	
2482	6,7	
2483	5,3	
2484	8,0	
2485	6,4	
2486	6,2	
2487	6,1	
2488	8,3	
2489	13,1	
2490	17,0	
2491	7,8	
2492	7,6	
2493	8,0	
2494	11,8	
2495	5,1	
2496	8,6	
2497	8,8	
2498	11,8	
2499	7,6	
2500	6,5	
2501	6,3	
2502	7,0	
2503	15,3	
2504	7,4	
2505	7,5	
2506	6,8	
2507	8,8	
2508	8,5	
2509	7,8	
2510	10,1	
2511	9,8	
2512	6,1	
2513	6,6	
2514	9,4	
2515	8,6	
2516	6,2	
2517	6,5	
2518	15,8	
2519	13,2	
2520	19,7	
2521	16,0	
2522	16,0	
2523	11,0	
2524	6,8	
2525	7,2	
2526	11,5	
2527	9,9	
2528	5,9	
2529	6,9	
2530	6,2	
2531	8,5	
2532	6,3	
2533	5,8	
2534	6,4	
2535	6,9	
2536	8,5	
2537	6,7	
2538	9,5	
2539	6,6	
2540	8,0	
2541	10,7	
2542	15,0	
2543	11,2	
2544	7,1	
2545	6,1	
2546	7,8	
2547	6,8	
2548	5,5	
2549	5,5	
2550	5,2	
2551	5,5	
2552	6,0	
2553	16,0	
2554	12,8	
2555	8,3	
2556	10,2	
2557	7,1	
2558	7,8	
2559	7,9	
2560	10,2	
2561	21,9	
2562	12,0	
2563	13,3	
2564	10,8	
2565	15,3	
2566	8,7	
2567	9,2	
2568	7,3	
2569	8,3	
2570	7,3	
2571	7,8	
2572	7,2	
2573	7,4	
2574	7,7	
2575	8,3	
2576	8,6	
2577	8,4	
2578	7,8	
2579	8,5	
2580	8,3	
2581	8,5	
2582	8,7	
2583	8,2	
2584	8,2	
2585	8,6	
2586	8,4	
2587	7,0	
2588	8,8	
2589	12,1	
2590	10,3	
2591	12,9	
2592	8,9	
