[HEADER]
H01=项目编号:
H02=项目注释:
H03=用户:
H04=测量日期:	21.04.2023
H05=测量时间:	15:20:26
H06=文件名称:	C:\Users\Test-02\Desktop\421HF\file_01.dat
H07=车厢号码:
H08=轮副:
H09=轨道基本间距:	0
H10=轨迹偏移:	0
H11=测量点数:	475
H12=测量:	好
H14=轮子:	L
H13=扩展注释:
[MeasurementData]
[mm] [µm]
0	0,0	
1	3,9	
2	0,6	
3	0,1	
4	-0,2	
5	0,4	
6	3,6	
7	-0,5	
8	-0,6	
9	3,2	
10	-0,1	
11	1,2	
12	5,9	
13	1,1	
14	1,0	
15	1,0	
16	1,6	
17	3,9	
18	1,5	
19	3,5	
20	4,5	
21	6,1	
22	5,0	
23	6,8	
24	11,3	
25	11,4	
26	3,1	
27	1,0	
28	2,3	
29	-0,6	
30	1,7	
31	2,0	
32	1,6	
33	2,3	
34	2,1	
35	1,9	
36	-0,1	
37	6,5	
38	2,1	
39	4,1	
40	5,8	
41	4,6	
42	0,9	
43	1,9	
44	0,3	
45	0,2	
46	1,7	
47	0,2	
48	5,6	
49	3,6	
50	2,1	
51	2,4	
52	2,8	
53	1,5	
54	1,2	
55	4,9	
56	2,2	
57	6,2	
58	5,6	
59	2,1	
60	3,3	
61	-0,3	
62	0,5	
63	-1,5	
64	-2,9	
65	-1,8	
66	-1,8	
67	0,0	
68	-0,1	
69	4,1	
70	-1,2	
71	-1,7	
72	-1,6	
73	-0,4	
74	0,2	
75	-0,8	
76	-1,4	
77	-0,7	
78	-1,1	
79	0,2	
80	-0,9	
81	-1,6	
82	0,2	
83	-1,7	
84	-2,4	
85	-2,1	
86	-1,5	
87	-1,4	
88	-1,5	
89	-1,6	
90	-1,7	
91	-1,4	
92	-2,3	
93	-3,0	
94	-3,4	
95	-1,7	
96	-2,7	
97	-2,8	
98	-3,1	
99	-3,2	
100	-2,9	
101	-1,8	
102	-2,5	
103	-2,5	
104	-2,5	
105	-2,4	
106	-1,6	
107	-1,8	
108	-2,0	
109	-1,1	
110	-1,8	
111	-2,5	
112	-1,9	
113	-0,1	
114	-1,5	
115	-3,4	
116	-3,5	
117	-4,1	
118	-3,0	
119	-4,4	
120	-4,1	
121	-3,6	
122	-4,7	
123	-2,8	
124	-4,2	
125	-4,9	
126	-4,7	
127	-3,5	
128	-3,6	
129	-4,4	
130	-4,2	
131	-4,6	
132	-5,0	
133	-4,5	
134	-4,1	
135	-3,8	
136	-3,9	
137	-4,8	
138	-4,6	
139	-4,0	
140	-3,5	
141	-4,1	
142	-4,7	
143	-4,4	
144	-4,5	
145	-4,4	
146	-2,7	
147	-4,7	
148	-5,3	
149	-4,4	
150	-4,2	
151	-3,8	
152	-4,7	
153	-4,2	
154	-5,2	
155	-4,3	
156	-2,3	
157	-4,2	
158	-3,3	
159	-2,4	
160	-4,0	
161	-2,5	
162	-2,3	
163	-2,5	
164	-1,9	
165	-2,4	
166	0,7	
167	-2,7	
168	-3,1	
169	-3,0	
170	-2,5	
171	-2,9	
172	-2,3	
173	-1,3	
174	-0,5	
175	-0,3	
176	0,1	
177	0,2	
178	0,2	
179	0,6	
180	0,6	
181	0,8	
182	0,9	
183	1,0	
184	1,1	
185	0,6	
186	0,3	
187	0,6	
188	1,5	
189	2,2	
190	1,6	
191	1,2	
192	0,4	
193	0,5	
194	0,6	
195	1,8	
196	1,2	
197	0,7	
198	2,1	
199	2,4	
200	-0,6	
201	1,0	
202	1,0	
203	1,1	
204	0,9	
205	1,8	
206	1,5	
207	2,7	
208	2,7	
209	2,9	
210	4,5	
211	3,5	
212	4,2	
213	4,6	
214	7,1	
215	5,6	
216	6,4	
217	6,4	
218	5,5	
219	6,3	
220	5,9	
221	5,5	
222	7,4	
223	5,8	
224	5,1	
225	5,4	
226	4,9	
227	5,5	
228	4,5	
229	4,6	
230	5,2	
231	6,9	
232	6,8	
233	6,9	
234	6,5	
235	6,7	
236	7,1	
237	6,1	
238	7,5	
239	6,8	
240	6,5	
241	8,5	
242	8,3	
243	7,6	
244	6,8	
245	7,0	
246	6,7	
247	7,7	
248	5,4	
249	7,7	
250	6,0	
251	4,4	
252	4,6	
253	4,1	
254	5,9	
255	9,6	
256	4,1	
257	4,1	
258	5,0	
259	8,6	
260	8,1	
261	9,5	
262	10,6	
263	14,1	
264	14,7	
265	12,5	
266	14,7	
267	7,1	
268	8,1	
269	10,3	
270	8,4	
271	9,3	
272	11,3	
273	7,2	
274	9,5	
275	12,2	
276	6,7	
277	8,3	
278	6,6	
279	7,5	
280	5,9	
281	6,4	
282	9,3	
283	13,3	
284	17,1	
285	11,3	
286	10,6	
287	12,0	
288	6,5	
289	6,5	
290	6,5	
291	8,4	
292	8,1	
293	7,0	
294	6,5	
295	10,1	
296	6,5	
297	7,4	
298	23,3	
299	17,1	
300	13,3	
301	17,2	
302	10,2	
303	12,7	
304	10,4	
305	9,4	
306	9,4	
307	8,9	
308	9,1	
309	8,5	
310	9,7	
311	7,7	
312	5,1	
313	4,8	
314	5,5	
315	4,5	
316	3,8	
317	4,3	
318	4,5	
319	4,7	
320	6,6	
321	6,4	
322	9,2	
323	6,3	
324	6,8	
325	6,3	
326	6,3	
327	6,9	
328	7,8	
329	10,8	
330	6,6	
331	6,8	
332	6,2	
333	7,1	
334	6,4	
335	6,8	
336	6,4	
337	6,6	
338	6,6	
339	6,5	
340	6,6	
341	5,4	
342	5,0	
343	4,8	
344	4,8	
345	4,4	
346	4,4	
347	5,0	
348	4,9	
349	5,7	
350	6,8	
351	5,9	
352	8,1	
353	9,5	
354	8,3	
355	12,6	
356	13,7	
357	6,5	
358	6,1	
359	6,3	
360	6,6	
361	6,4	
362	5,9	
363	6,0	
364	5,9	
365	6,0	
366	5,6	
367	5,4	
368	6,2	
369	5,9	
370	5,2	
371	5,1	
372	4,2	
373	3,9	
374	5,0	
375	5,8	
376	5,5	
377	5,8	
378	6,8	
379	6,2	
380	7,1	
381	8,1	
382	9,6	
383	9,2	
384	9,7	
385	7,1	
386	10,1	
387	8,1	
388	6,3	
389	7,8	
390	6,9	
391	6,5	
392	6,5	
393	5,3	
394	10,5	
395	7,2	
396	7,6	
397	10,6	
398	13,3	
399	9,5	
400	10,0	
401	10,8	
402	12,0	
403	7,0	
404	10,3	
405	7,1	
406	8,6	
407	17,4	
408	18,1	
409	12,4	
410	9,8	
411	6,5	
412	7,5	
413	9,5	
414	7,6	
415	8,0	
416	7,8	
417	7,7	
418	6,8	
419	6,9	
420	7,0	
421	7,2	
422	7,5	
423	6,3	
424	6,9	
425	6,5	
426	7,4	
427	5,8	
428	6,1	
429	5,2	
430	5,3	
431	5,9	
432	5,4	
433	6,5	
434	6,6	
435	7,1	
436	7,5	
437	6,9	
438	6,7	
439	7,9	
440	9,6	
441	11,2	
442	10,4	
443	25,8	
444	14,5	
445	11,0	
446	8,8	
447	7,9	
448	9,4	
449	9,3	
450	9,2	
451	9,0	
452	8,1	
453	7,8	
454	7,3	
455	7,4	
456	6,5	
457	5,3	
458	7,9	
459	6,2	
460	5,5	
461	5,3	
462	6,2	
463	8,1	
464	7,4	
465	8,1	
466	8,4	
467	7,8	
468	11,3	
469	6,7	
470	7,5	
471	8,0	
472	7,4	
473	7,6	
474	11,0	
