[HEADER]
H01=项目编号:
H02=项目注释:
H03=用户:
H04=测量日期:	21.04.2023
H05=测量时间:	15:31:03
H06=文件名称:	C:\Users\Test-02\Desktop\421HF\8左\file_01.dat
H07=车厢号码:
H08=轮副:
H09=轨道基本间距:	0
H10=轨迹偏移:	0
H11=测量点数:	2587
H12=测量:	好
H14=轮子:	L
H13=扩展注释:
[MeasurementData]
[mm] [µm]
0	0,0	
1	0,2	
2	-2,7	
3	-2,5	
4	-2,6	
5	-2,9	
6	-2,0	
7	-4,6	
8	-4,7	
9	-5,0	
10	-6,0	
11	-2,4	
12	-6,2	
13	-6,5	
14	-7,1	
15	-7,7	
16	-8,3	
17	-8,7	
18	-9,3	
19	-8,8	
20	-9,4	
21	-10,6	
22	-11,6	
23	-11,6	
24	-10,7	
25	-13,0	
26	-13,6	
27	-13,5	
28	-13,3	
29	-13,9	
30	-14,9	
31	-15,2	
32	-15,0	
33	-16,7	
34	-16,7	
35	-18,0	
36	-18,7	
37	-18,0	
38	-19,3	
39	-20,6	
40	-21,0	
41	-21,3	
42	-22,0	
43	-21,0	
44	-22,1	
45	-22,5	
46	-22,1	
47	-22,8	
48	-23,9	
49	-24,2	
50	-25,1	
51	-25,3	
52	-23,9	
53	-26,9	
54	-27,1	
55	-27,5	
56	-28,4	
57	-28,9	
58	-28,9	
59	-27,8	
60	-26,4	
61	-29,9	
62	-30,0	
63	-30,9	
64	-29,9	
65	-31,4	
66	-32,1	
67	-32,3	
68	-32,7	
69	-32,5	
70	-34,3	
71	-33,6	
72	-35,1	
73	-34,2	
74	-33,2	
75	-34,6	
76	-35,1	
77	-36,5	
78	-36,2	
79	-35,5	
80	-37,2	
81	-37,7	
82	-37,6	
83	-37,9	
84	-36,7	
85	-38,4	
86	-39,2	
87	-38,8	
88	-41,5	
89	-40,3	
90	-42,6	
91	-43,4	
92	-43,4	
93	-43,4	
94	-43,7	
95	-44,3	
96	-45,6	
97	-45,7	
98	-46,1	
99	-46,4	
100	-47,4	
101	-47,5	
102	-48,8	
103	-48,5	
104	-49,3	
105	-49,5	
106	-49,3	
107	-50,0	
108	-51,1	
109	-51,6	
110	-51,9	
111	-51,4	
112	-51,3	
113	-52,9	
114	-53,1	
115	-53,3	
116	-53,8	
117	-53,0	
118	-54,1	
119	-54,8	
120	-54,7	
121	-55,9	
122	-54,5	
123	-56,6	
124	-56,7	
125	-57,0	
126	-57,4	
127	-57,9	
128	-59,2	
129	-58,6	
130	-58,5	
131	-60,1	
132	-60,8	
133	-60,8	
134	-61,0	
135	-60,9	
136	-60,7	
137	-60,9	
138	-62,9	
139	-62,5	
140	-63,5	
141	-63,2	
142	-64,7	
143	-65,4	
144	-65,8	
145	-65,4	
146	-65,5	
147	-66,6	
148	-66,9	
149	-67,4	
150	-68,8	
151	-69,1	
152	-69,4	
153	-70,4	
154	-69,9	
155	-70,1	
156	-70,8	
157	-71,3	
158	-70,2	
159	-73,0	
160	-71,7	
161	-72,7	
162	-72,9	
163	-74,3	
164	-75,5	
165	-75,7	
166	-76,2	
167	-75,5	
168	-74,2	
169	-74,1	
170	-70,4	
171	-72,8	
172	-73,4	
173	-72,8	
174	-73,4	
175	-73,4	
176	-74,6	
177	-75,9	
178	-74,9	
179	-73,1	
180	-75,8	
181	-75,4	
182	-75,7	
183	-76,1	
184	-76,1	
185	-77,2	
186	-76,7	
187	-76,8	
188	-78,0	
189	-78,6	
190	-78,1	
191	-78,8	
192	-79,6	
193	-80,1	
194	-80,3	
195	-82,2	
196	-81,7	
197	-81,7	
198	-82,4	
199	-82,6	
200	-83,2	
201	-84,1	
202	-84,1	
203	-84,7	
204	-84,8	
205	-85,3	
206	-85,3	
207	-86,3	
208	-87,8	
209	-87,4	
210	-87,8	
211	-88,5	
212	-88,9	
213	-89,5	
214	-89,8	
215	-89,9	
216	-90,8	
217	-86,9	
218	-91,4	
219	-91,7	
220	-91,9	
221	-92,5	
222	-91,7	
223	-93,5	
224	-94,4	
225	-93,5	
226	-95,5	
227	-94,8	
228	-95,0	
229	-95,2	
230	-95,5	
231	-95,4	
232	-96,2	
233	-96,5	
234	-96,6	
235	-97,1	
236	-97,7	
237	-97,6	
238	-98,3	
239	-98,4	
240	-98,9	
241	-99,4	
242	-99,8	
243	-100,5	
244	-100,8	
245	-101,2	
246	-101,6	
247	-102,0	
248	-101,5	
249	-102,0	
250	-99,6	
251	-103,2	
252	-103,3	
253	-104,3	
254	-102,9	
255	-103,5	
256	-103,9	
257	-104,8	
258	-105,2	
259	-104,0	
260	-105,7	
261	-106,5	
262	-106,4	
263	-107,7	
264	-106,7	
265	-108,8	
266	-109,2	
267	-107,7	
268	-109,1	
269	-110,0	
270	-110,1	
271	-111,0	
272	-111,5	
273	-111,2	
274	-111,7	
275	-112,4	
276	-111,6	
277	-112,9	
278	-113,0	
279	-113,7	
280	-113,2	
281	-113,3	
282	-114,1	
283	-113,9	
284	-114,2	
285	-114,0	
286	-114,1	
287	-114,3	
288	-113,2	
289	-114,6	
290	-113,3	
291	-115,1	
292	-115,3	
293	-114,6	
294	-115,0	
295	-116,0	
296	-116,6	
297	-115,6	
298	-117,2	
299	-116,8	
300	-117,4	
301	-117,7	
302	-118,0	
303	-117,8	
304	-117,5	
305	-118,2	
306	-118,8	
307	-118,5	
308	-119,1	
309	-119,2	
310	-118,9	
311	-119,6	
312	-121,0	
313	-120,2	
314	-116,0	
315	-120,0	
316	-119,8	
317	-120,2	
318	-119,9	
319	-120,3	
320	-121,8	
321	-121,9	
322	-122,1	
323	-122,0	
324	-122,8	
325	-122,6	
326	-122,0	
327	-123,4	
328	-123,6	
329	-122,8	
330	-124,1	
331	-124,4	
332	-124,1	
333	-124,7	
334	-125,5	
335	-125,6	
336	-125,9	
337	-126,3	
338	-126,4	
339	-126,2	
340	-126,2	
341	-124,7	
342	-125,5	
343	-126,0	
344	-126,6	
345	-125,9	
346	-126,1	
347	-126,5	
348	-126,3	
349	-126,9	
350	-127,4	
351	-127,2	
352	-127,4	
353	-127,9	
354	-127,6	
355	-128,2	
356	-128,0	
357	-128,7	
358	-128,9	
359	-128,7	
360	-127,5	
361	-129,9	
362	-130,0	
363	-129,4	
364	-128,5	
365	-129,3	
366	-130,2	
367	-130,4	
368	-130,2	
369	-128,9	
370	-130,6	
371	-130,8	
372	-130,1	
373	-131,0	
374	-131,7	
375	-132,0	
376	-132,6	
377	-132,7	
378	-132,2	
379	-133,6	
380	-133,0	
381	-133,1	
382	-134,0	
383	-132,9	
384	-133,4	
385	-135,5	
386	-135,0	
387	-135,8	
388	-136,0	
389	-136,5	
390	-135,9	
391	-136,3	
392	-136,6	
393	-136,9	
394	-135,3	
395	-135,7	
396	-136,0	
397	-136,3	
398	-136,1	
399	-134,8	
400	-136,1	
401	-135,6	
402	-133,6	
403	-135,3	
404	-135,8	
405	-135,7	
406	-135,0	
407	-135,8	
408	-135,4	
409	-135,2	
410	-135,4	
411	-134,4	
412	-135,0	
413	-136,0	
414	-136,2	
415	-136,2	
416	-136,0	
417	-136,1	
418	-136,2	
419	-136,3	
420	-136,7	
421	-136,7	
422	-136,5	
423	-136,2	
424	-135,2	
425	-135,7	
426	-134,6	
427	-134,7	
428	-135,9	
429	-134,8	
430	-136,2	
431	-136,5	
432	-136,6	
433	-136,0	
434	-136,3	
435	-137,2	
436	-136,8	
437	-137,4	
438	-138,0	
439	-137,8	
440	-138,6	
441	-139,2	
442	-138,7	
443	-138,5	
444	-138,1	
445	-137,5	
446	-138,6	
447	-138,7	
448	-138,2	
449	-138,2	
450	-137,8	
451	-138,4	
452	-137,7	
453	-138,6	
454	-139,2	
455	-137,7	
456	-138,4	
457	-138,5	
458	-137,8	
459	-137,8	
460	-137,1	
461	-137,3	
462	-137,1	
463	-136,5	
464	-136,7	
465	-137,0	
466	-137,0	
467	-136,8	
468	-135,9	
469	-136,9	
470	-136,8	
471	-136,3	
472	-135,9	
473	-136,0	
474	-135,1	
475	-135,6	
476	-136,3	
477	-136,0	
478	-135,8	
479	-135,3	
480	-136,0	
481	-136,3	
482	-134,5	
483	-136,0	
484	-135,8	
485	-135,8	
486	-135,0	
487	-135,2	
488	-135,1	
489	-135,5	
490	-134,7	
491	-136,1	
492	-134,5	
493	-136,0	
494	-135,5	
495	-135,8	
496	-134,5	
497	-135,2	
498	-135,4	
499	-136,6	
500	-135,8	
501	-136,2	
502	-136,4	
503	-136,9	
504	-136,2	
505	-136,2	
506	-136,7	
507	-136,1	
508	-136,6	
509	-136,5	
510	-136,7	
511	-136,8	
512	-135,9	
513	-135,1	
514	-136,2	
515	-136,5	
516	-136,3	
517	-135,6	
518	-134,8	
519	-135,2	
520	-135,9	
521	-135,8	
522	-134,8	
523	-135,9	
524	-135,1	
525	-135,2	
526	-136,4	
527	-135,0	
528	-135,8	
529	-135,4	
530	-136,2	
531	-136,7	
532	-135,8	
533	-136,3	
534	-136,0	
535	-136,1	
536	-135,9	
537	-136,7	
538	-136,0	
539	-136,0	
540	-135,3	
541	-135,2	
542	-135,3	
543	-134,9	
544	-134,3	
545	-134,7	
546	-134,1	
547	-134,7	
548	-134,7	
549	-134,8	
550	-134,4	
551	-134,3	
552	-134,6	
553	-132,9	
554	-133,9	
555	-132,7	
556	-132,2	
557	-133,3	
558	-133,6	
559	-133,6	
560	-133,6	
561	-132,9	
562	-132,8	
563	-132,9	
564	-132,6	
565	-132,9	
566	-132,6	
567	-132,6	
568	-132,0	
569	-132,2	
570	-131,1	
571	-131,2	
572	-132,5	
573	-131,9	
574	-130,1	
575	-129,6	
576	-129,9	
577	-128,7	
578	-128,9	
579	-129,0	
580	-129,8	
581	-129,0	
582	-128,6	
583	-127,9	
584	-127,4	
585	-127,7	
586	-127,7	
587	-127,8	
588	-126,7	
589	-127,9	
590	-128,4	
591	-128,6	
592	-128,3	
593	-127,9	
594	-127,3	
595	-127,0	
596	-126,0	
597	-126,5	
598	-126,5	
599	-125,3	
600	-124,8	
601	-125,8	
602	-125,8	
603	-125,5	
604	-125,3	
605	-125,1	
606	-124,3	
607	-124,3	
608	-124,6	
609	-124,6	
610	-124,8	
611	-125,5	
612	-125,2	
613	-124,0	
614	-123,9	
615	-122,8	
616	-124,4	
617	-124,2	
618	-124,0	
619	-124,1	
620	-123,3	
621	-123,5	
622	-123,7	
623	-123,9	
624	-124,3	
625	-122,2	
626	-122,3	
627	-122,4	
628	-123,2	
629	-121,0	
630	-121,9	
631	-121,6	
632	-121,8	
633	-121,6	
634	-120,4	
635	-120,9	
636	-119,6	
637	-119,8	
638	-119,9	
639	-118,3	
640	-119,6	
641	-119,3	
642	-119,0	
643	-118,2	
644	-119,2	
645	-118,4	
646	-117,9	
647	-118,2	
648	-117,8	
649	-117,5	
650	-118,0	
651	-117,6	
652	-116,1	
653	-116,3	
654	-116,2	
655	-116,3	
656	-116,1	
657	-115,8	
658	-115,5	
659	-115,5	
660	-115,0	
661	-114,9	
662	-114,3	
663	-114,7	
664	-114,1	
665	-113,9	
666	-113,9	
667	-113,8	
668	-113,8	
669	-113,3	
670	-113,6	
671	-111,5	
672	-112,9	
673	-113,3	
674	-112,7	
675	-112,6	
676	-113,1	
677	-113,1	
678	-111,5	
679	-111,2	
680	-111,2	
681	-111,3	
682	-109,5	
683	-110,4	
684	-110,0	
685	-108,2	
686	-109,2	
687	-109,8	
688	-108,9	
689	-108,7	
690	-108,1	
691	-106,8	
692	-107,4	
693	-107,2	
694	-106,6	
695	-107,1	
696	-107,1	
697	-106,3	
698	-106,2	
699	-107,2	
700	-104,2	
701	-106,1	
702	-104,5	
703	-105,7	
704	-105,9	
705	-104,9	
706	-104,9	
707	-104,6	
708	-104,3	
709	-104,0	
710	-103,8	
711	-103,3	
712	-103,9	
713	-100,6	
714	-101,2	
715	-101,8	
716	-102,2	
717	-101,7	
718	-102,0	
719	-101,1	
720	-100,9	
721	-101,3	
722	-100,8	
723	-98,1	
724	-101,0	
725	-101,5	
726	-100,7	
727	-98,8	
728	-100,9	
729	-101,4	
730	-99,3	
731	-100,5	
732	-99,5	
733	-99,9	
734	-99,6	
735	-99,2	
736	-98,6	
737	-98,6	
738	-99,0	
739	-98,1	
740	-97,6	
741	-98,2	
742	-97,5	
743	-97,2	
744	-95,6	
745	-96,6	
746	-94,4	
747	-94,7	
748	-94,6	
749	-92,8	
750	-92,0	
751	-93,6	
752	-93,2	
753	-93,2	
754	-92,4	
755	-92,7	
756	-92,4	
757	-91,4	
758	-91,9	
759	-91,7	
760	-91,6	
761	-91,0	
762	-90,7	
763	-89,8	
764	-89,2	
765	-89,8	
766	-88,4	
767	-88,3	
768	-87,5	
769	-87,9	
770	-87,0	
771	-87,0	
772	-86,6	
773	-86,2	
774	-85,4	
775	-84,9	
776	-84,9	
777	-85,3	
778	-84,6	
779	-85,2	
780	-84,7	
781	-84,6	
782	-83,4	
783	-82,3	
784	-82,0	
785	-82,7	
786	-82,9	
787	-82,3	
788	-83,0	
789	-81,7	
790	-82,5	
791	-81,9	
792	-81,6	
793	-81,6	
794	-80,8	
795	-80,7	
796	-80,0	
797	-80,2	
798	-80,1	
799	-79,0	
800	-78,9	
801	-77,9	
802	-78,3	
803	-75,2	
804	-76,6	
805	-76,7	
806	-76,1	
807	-76,0	
808	-75,7	
809	-74,5	
810	-73,7	
811	-74,5	
812	-74,3	
813	-73,2	
814	-74,1	
815	-73,7	
816	-73,0	
817	-71,7	
818	-72,9	
819	-72,2	
820	-72,3	
821	-71,8	
822	-70,9	
823	-71,0	
824	-70,1	
825	-69,8	
826	-69,6	
827	-67,5	
828	-68,7	
829	-68,0	
830	-68,0	
831	-67,2	
832	-67,5	
833	-67,8	
834	-67,9	
835	-67,3	
836	-66,7	
837	-66,6	
838	-66,3	
839	-65,8	
840	-65,6	
841	-66,1	
842	-65,5	
843	-65,5	
844	-65,1	
845	-63,0	
846	-64,2	
847	-63,8	
848	-62,3	
849	-63,3	
850	-63,1	
851	-62,2	
852	-62,5	
853	-62,0	
854	-62,1	
855	-61,4	
856	-60,5	
857	-61,1	
858	-60,8	
859	-60,2	
860	-59,8	
861	-59,3	
862	-58,9	
863	-58,0	
864	-58,9	
865	-58,1	
866	-57,4	
867	-57,9	
868	-56,2	
869	-57,2	
870	-55,3	
871	-56,4	
872	-55,1	
873	-55,8	
874	-55,4	
875	-55,3	
876	-55,1	
877	-54,7	
878	-54,3	
879	-53,1	
880	-53,6	
881	-53,0	
882	-50,8	
883	-52,2	
884	-50,8	
885	-50,9	
886	-50,9	
887	-49,6	
888	-50,6	
889	-50,0	
890	-49,0	
891	-48,5	
892	-48,6	
893	-46,5	
894	-43,9	
895	-47,4	
896	-45,8	
897	-47,3	
898	-46,3	
899	-45,9	
900	-45,8	
901	-45,7	
902	-44,7	
903	-44,9	
904	-44,2	
905	-43,4	
906	-43,1	
907	-43,3	
908	-42,5	
909	-42,0	
910	-40,7	
911	-40,5	
912	-39,5	
913	-39,5	
914	-39,6	
915	-39,5	
916	-37,9	
917	-37,1	
918	-36,9	
919	-37,3	
920	-37,2	
921	-34,4	
922	-36,1	
923	-34,9	
924	-31,3	
925	-32,9	
926	-33,5	
927	-35,1	
928	-33,7	
929	-32,9	
930	-32,7	
931	-33,5	
932	-31,5	
933	-30,0	
934	-31,1	
935	-30,1	
936	-31,0	
937	-31,3	
938	-28,7	
939	-29,2	
940	-28,8	
941	-28,0	
942	-27,2	
943	-27,6	
944	-27,4	
945	-24,9	
946	-26,3	
947	-26,4	
948	-24,1	
949	-25,0	
950	-25,4	
951	-24,1	
952	-23,1	
953	-22,8	
954	-21,3	
955	-22,6	
956	-16,7	
957	-22,6	
958	-21,6	
959	-21,8	
960	-21,2	
961	-21,0	
962	-20,5	
963	-20,6	
964	-18,3	
965	-19,3	
966	-19,7	
967	-18,2	
968	-17,9	
969	-17,6	
970	-16,8	
971	-16,2	
972	-16,4	
973	-14,5	
974	-14,4	
975	-15,2	
976	-13,6	
977	-13,3	
978	-14,0	
979	-11,2	
980	-14,0	
981	-12,0	
982	-12,2	
983	-12,9	
984	-11,0	
985	-11,4	
986	-12,7	
987	-12,1	
988	-11,7	
989	-12,0	
990	-10,9	
991	-10,1	
992	-9,2	
993	-9,4	
994	-9,3	
995	-8,8	
996	-8,4	
997	-7,9	
998	-8,4	
999	-7,6	
1000	-7,7	
1001	-6,1	
1002	-6,2	
1003	-4,1	
1004	-5,5	
1005	-4,4	
1006	-4,6	
1007	-4,7	
1008	-4,8	
1009	-4,0	
1010	-2,2	
1011	-2,6	
1012	-0,2	
1013	-2,4	
1014	-1,5	
1015	-0,6	
1016	-1,4	
1017	0,0	
1018	-0,5	
1019	1,2	
1020	1,0	
1021	1,6	
1022	2,1	
1023	3,2	
1024	5,3	
1025	4,8	
1026	4,3	
1027	5,8	
1028	5,6	
1029	5,9	
1030	6,7	
1031	7,0	
1032	8,5	
1033	7,1	
1034	8,8	
1035	9,2	
1036	9,0	
1037	9,2	
1038	9,9	
1039	12,6	
1040	13,6	
1041	12,3	
1042	13,8	
1043	11,2	
1044	12,8	
1045	13,3	
1046	13,5	
1047	18,6	
1048	14,3	
1049	15,6	
1050	16,5	
1051	13,5	
1052	14,4	
1053	16,7	
1054	16,4	
1055	16,7	
1056	16,7	
1057	18,0	
1058	17,0	
1059	19,5	
1060	21,6	
1061	18,2	
1062	19,3	
1063	18,8	
1064	19,9	
1065	18,6	
1066	20,4	
1067	20,8	
1068	21,1	
1069	23,0	
1070	22,8	
1071	21,5	
1072	22,2	
1073	23,1	
1074	23,9	
1075	23,1	
1076	21,8	
1077	23,4	
1078	22,4	
1079	23,5	
1080	22,6	
1081	25,1	
1082	25,3	
1083	24,2	
1084	26,4	
1085	25,2	
1086	26,3	
1087	27,0	
1088	28,1	
1089	27,5	
1090	29,7	
1091	28,6	
1092	30,7	
1093	29,2	
1094	29,1	
1095	29,6	
1096	30,1	
1097	30,0	
1098	31,7	
1099	33,7	
1100	36,6	
1101	34,3	
1102	33,3	
1103	34,1	
1104	34,0	
1105	33,3	
1106	33,9	
1107	35,1	
1108	36,2	
1109	35,4	
1110	36,9	
1111	35,6	
1112	35,6	
1113	36,5	
1114	39,1	
1115	38,3	
1116	39,8	
1117	40,2	
1118	40,4	
1119	39,8	
1120	39,7	
1121	41,3	
1122	41,7	
1123	44,1	
1124	41,7	
1125	42,0	
1126	42,3	
1127	43,7	
1128	42,5	
1129	44,3	
1130	47,3	
1131	42,8	
1132	43,8	
1133	45,1	
1134	44,5	
1135	45,5	
1136	46,1	
1137	46,3	
1138	52,8	
1139	56,5	
1140	51,0	
1141	48,2	
1142	49,0	
1143	48,2	
1144	48,8	
1145	48,7	
1146	49,8	
1147	51,9	
1148	50,1	
1149	51,1	
1150	50,8	
1151	51,4	
1152	53,8	
1153	52,2	
1154	51,9	
1155	54,4	
1156	54,7	
1157	53,5	
1158	53,9	
1159	54,0	
1160	55,7	
1161	55,3	
1162	57,6	
1163	56,6	
1164	59,0	
1165	57,8	
1166	58,4	
1167	59,0	
1168	58,8	
1169	60,5	
1170	59,8	
1171	59,8	
1172	60,3	
1173	60,7	
1174	60,7	
1175	62,0	
1176	62,7	
1177	64,2	
1178	63,9	
1179	65,2	
1180	63,8	
1181	63,9	
1182	64,1	
1183	66,2	
1184	66,4	
1185	69,0	
1186	66,4	
1187	66,4	
1188	67,1	
1189	67,6	
1190	67,6	
1191	68,9	
1192	69,9	
1193	68,7	
1194	69,1	
1195	69,6	
1196	70,2	
1197	71,9	
1198	76,1	
1199	72,8	
1200	71,2	
1201	71,6	
1202	72,3	
1203	73,9	
1204	73,5	
1205	73,7	
1206	73,2	
1207	78,8	
1208	77,5	
1209	75,8	
1210	75,8	
1211	76,1	
1212	77,7	
1213	78,0	
1214	76,3	
1215	78,7	
1216	79,0	
1217	78,0	
1218	77,8	
1219	78,8	
1220	80,9	
1221	81,8	
1222	80,1	
1223	83,0	
1224	83,4	
1225	82,1	
1226	82,5	
1227	82,1	
1228	81,9	
1229	83,1	
1230	84,7	
1231	83,5	
1232	86,1	
1233	84,8	
1234	86,7	
1235	86,2	
1236	86,3	
1237	85,7	
1238	87,2	
1239	87,0	
1240	87,5	
1241	89,1	
1242	87,8	
1243	90,0	
1244	89,3	
1245	89,3	
1246	89,2	
1247	89,3	
1248	90,3	
1249	96,3	
1250	91,0	
1251	94,0	
1252	93,0	
1253	91,2	
1254	94,6	
1255	92,7	
1256	93,4	
1257	95,6	
1258	96,3	
1259	94,3	
1260	95,5	
1261	96,4	
1262	94,6	
1263	96,4	
1264	95,5	
1265	95,7	
1266	97,6	
1267	96,9	
1268	97,2	
1269	97,4	
1270	98,7	
1271	98,6	
1272	97,6	
1273	99,8	
1274	99,9	
1275	99,5	
1276	99,6	
1277	99,2	
1278	98,0	
1279	101,7	
1280	100,4	
1281	100,7	
1282	100,8	
1283	101,7	
1284	102,5	
1285	103,4	
1286	103,6	
1287	104,2	
1288	103,7	
1289	104,5	
1290	106,1	
1291	104,2	
1292	104,3	
1293	106,1	
1294	108,1	
1295	106,0	
1296	107,5	
1297	108,2	
1298	108,7	
1299	107,3	
1300	108,0	
1301	108,7	
1302	108,7	
1303	109,5	
1304	108,7	
1305	108,1	
1306	110,1	
1307	110,7	
1308	110,4	
1309	111,7	
1310	111,7	
1311	112,0	
1312	112,5	
1313	112,5	
1314	112,8	
1315	113,9	
1316	116,7	
1317	115,1	
1318	114,7	
1319	117,2	
1320	117,2	
1321	118,3	
1322	117,9	
1323	119,9	
1324	119,3	
1325	119,0	
1326	122,0	
1327	122,2	
1328	121,1	
1329	122,4	
1330	121,5	
1331	120,8	
1332	121,6	
1333	123,1	
1334	124,7	
1335	123,4	
1336	124,0	
1337	126,0	
1338	125,4	
1339	124,9	
1340	125,2	
1341	125,1	
1342	127,1	
1343	125,9	
1344	126,5	
1345	129,5	
1346	127,2	
1347	129,2	
1348	127,9	
1349	128,9	
1350	129,3	
1351	129,7	
1352	130,8	
1353	129,1	
1354	132,0	
1355	131,4	
1356	130,2	
1357	131,6	
1358	131,7	
1359	132,4	
1360	131,2	
1361	132,6	
1362	133,1	
1363	132,3	
1364	133,1	
1365	135,2	
1366	133,6	
1367	134,0	
1368	134,7	
1369	135,2	
1370	134,8	
1371	135,4	
1372	136,6	
1373	137,8	
1374	137,1	
1375	137,0	
1376	137,3	
1377	138,5	
1378	138,3	
1379	138,6	
1380	138,1	
1381	138,5	
1382	138,6	
1383	139,3	
1384	141,0	
1385	140,8	
1386	140,5	
1387	140,5	
1388	141,6	
1389	141,8	
1390	142,9	
1391	142,8	
1392	142,5	
1393	142,8	
1394	142,3	
1395	143,6	
1396	144,1	
1397	143,7	
1398	145,5	
1399	145,6	
1400	146,1	
1401	146,3	
1402	145,8	
1403	146,3	
1404	146,8	
1405	147,0	
1406	147,2	
1407	148,0	
1408	147,6	
1409	148,2	
1410	148,9	
1411	148,3	
1412	148,6	
1413	149,2	
1414	149,3	
1415	150,3	
1416	151,1	
1417	150,6	
1418	151,5	
1419	152,1	
1420	156,4	
1421	150,5	
1422	150,6	
1423	152,5	
1424	153,4	
1425	153,2	
1426	153,6	
1427	154,0	
1428	154,4	
1429	154,0	
1430	154,0	
1431	159,3	
1432	156,5	
1433	156,4	
1434	155,9	
1435	156,8	
1436	156,6	
1437	157,9	
1438	157,4	
1439	158,4	
1440	159,4	
1441	158,8	
1442	159,8	
1443	159,6	
1444	158,9	
1445	160,1	
1446	161,3	
1447	160,6	
1448	159,2	
1449	160,7	
1450	160,7	
1451	161,4	
1452	161,4	
1453	161,3	
1454	161,7	
1455	162,7	
1456	163,2	
1457	162,9	
1458	166,3	
1459	166,3	
1460	164,5	
1461	166,6	
1462	167,8	
1463	165,6	
1464	165,6	
1465	169,7	
1466	172,4	
1467	166,7	
1468	167,2	
1469	167,5	
1470	169,1	
1471	168,4	
1472	168,6	
1473	168,1	
1474	168,5	
1475	169,2	
1476	168,6	
1477	168,9	
1478	168,7	
1479	169,8	
1480	171,4	
1481	171,0	
1482	171,7	
1483	172,2	
1484	174,4	
1485	173,0	
1486	173,0	
1487	172,0	
1488	172,4	
1489	171,9	
1490	173,2	
1491	173,2	
1492	174,1	
1493	174,2	
1494	176,5	
1495	175,7	
1496	176,9	
1497	176,7	
1498	177,6	
1499	177,1	
1500	178,7	
1501	178,9	
1502	178,2	
1503	178,6	
1504	178,7	
1505	179,0	
1506	184,2	
1507	179,7	
1508	181,4	
1509	179,7	
1510	181,5	
1511	181,6	
1512	180,4	
1513	182,2	
1514	181,2	
1515	181,5	
1516	181,5	
1517	182,3	
1518	183,6	
1519	182,5	
1520	182,9	
1521	190,0	
1522	184,8	
1523	184,5	
1524	185,2	
1525	186,3	
1526	189,4	
1527	185,1	
1528	185,4	
1529	186,1	
1530	187,0	
1531	192,5	
1532	187,5	
1533	189,0	
1534	191,0	
1535	188,8	
1536	189,1	
1537	190,2	
1538	191,4	
1539	190,5	
1540	190,6	
1541	190,6	
1542	192,5	
1543	193,3	
1544	191,2	
1545	192,6	
1546	193,6	
1547	192,6	
1548	193,2	
1549	193,9	
1550	194,6	
1551	193,3	
1552	194,3	
1553	194,8	
1554	194,4	
1555	195,5	
1556	196,3	
1557	196,8	
1558	198,3	
1559	196,0	
1560	196,6	
1561	197,4	
1562	196,9	
1563	198,4	
1564	199,1	
1565	198,7	
1566	200,3	
1567	199,0	
1568	198,7	
1569	199,3	
1570	199,5	
1571	200,4	
1572	201,2	
1573	208,3	
1574	207,6	
1575	204,5	
1576	202,8	
1577	201,8	
1578	206,0	
1579	202,8	
1580	204,2	
1581	201,8	
1582	205,8	
1583	204,6	
1584	204,7	
1585	202,9	
1586	204,4	
1587	203,3	
1588	204,0	
1589	211,4	
1590	204,2	
1591	204,6	
1592	205,8	
1593	204,3	
1594	205,3	
1595	205,0	
1596	208,3	
1597	205,5	
1598	205,8	
1599	206,2	
1600	206,3	
1601	207,0	
1602	207,3	
1603	209,0	
1604	207,0	
1605	207,5	
1606	208,0	
1607	208,3	
1608	208,3	
1609	209,7	
1610	209,0	
1611	209,4	
1612	209,4	
1613	209,7	
1614	210,0	
1615	211,6	
1616	211,0	
1617	211,4	
1618	211,0	
1619	211,5	
1620	211,7	
1621	211,4	
1622	212,3	
1623	212,3	
1624	213,9	
1625	212,4	
1626	212,4	
1627	213,7	
1628	217,0	
1629	214,2	
1630	215,5	
1631	214,2	
1632	214,9	
1633	215,5	
1634	215,6	
1635	216,0	
1636	215,7	
1637	223,7	
1638	219,8	
1639	216,1	
1640	218,0	
1641	217,4	
1642	218,5	
1643	218,3	
1644	217,4	
1645	217,4	
1646	217,5	
1647	218,4	
1648	217,6	
1649	218,2	
1650	218,2	
1651	219,7	
1652	219,5	
1653	218,0	
1654	219,1	
1655	219,2	
1656	220,6	
1657	220,4	
1658	219,6	
1659	220,0	
1660	221,0	
1661	221,6	
1662	221,3	
1663	221,9	
1664	222,6	
1665	222,4	
1666	222,0	
1667	222,7	
1668	223,8	
1669	223,6	
1670	223,2	
1671	223,3	
1672	223,7	
1673	223,2	
1674	223,4	
1675	224,5	
1676	225,4	
1677	224,0	
1678	238,5	
1679	224,7	
1680	225,9	
1681	225,8	
1682	231,6	
1683	225,9	
1684	227,3	
1685	226,7	
1686	227,1	
1687	227,1	
1688	227,5	
1689	226,7	
1690	227,0	
1691	228,4	
1692	227,7	
1693	227,4	
1694	229,0	
1695	228,2	
1696	228,2	
1697	228,6	
1698	228,7	
1699	230,2	
1700	230,3	
1701	229,3	
1702	230,7	
1703	230,0	
1704	231,8	
1705	230,1	
1706	230,2	
1707	231,1	
1708	233,9	
1709	231,3	
1710	233,6	
1711	230,0	
1712	230,5	
1713	232,2	
1714	231,9	
1715	231,5	
1716	235,6	
1717	232,0	
1718	232,7	
1719	232,5	
1720	233,9	
1721	234,0	
1722	233,9	
1723	233,8	
1724	233,6	
1725	236,5	
1726	235,0	
1727	234,9	
1728	234,7	
1729	237,5	
1730	234,9	
1731	234,8	
1732	235,4	
1733	235,4	
1734	236,0	
1735	236,5	
1736	236,2	
1737	236,8	
1738	237,0	
1739	237,1	
1740	237,9	
1741	239,2	
1742	238,4	
1743	238,5	
1744	238,2	
1745	238,9	
1746	240,1	
1747	240,2	
1748	239,4	
1749	240,8	
1750	241,0	
1751	241,0	
1752	240,2	
1753	240,6	
1754	241,3	
1755	243,5	
1756	242,9	
1757	241,8	
1758	241,7	
1759	242,6	
1760	240,7	
1761	241,3	
1762	241,3	
1763	242,3	
1764	244,3	
1765	242,7	
1766	242,4	
1767	243,7	
1768	243,3	
1769	243,4	
1770	244,8	
1771	245,3	
1772	242,7	
1773	242,9	
1774	243,5	
1775	245,4	
1776	243,3	
1777	244,6	
1778	246,7	
1779	245,6	
1780	246,3	
1781	245,0	
1782	245,7	
1783	245,4	
1784	245,2	
1785	245,0	
1786	245,6	
1787	245,4	
1788	245,8	
1789	246,2	
1790	247,5	
1791	246,2	
1792	246,5	
1793	247,0	
1794	247,1	
1795	246,2	
1796	246,5	
1797	246,1	
1798	246,2	
1799	246,9	
1800	246,1	
1801	245,4	
1802	247,0	
1803	246,9	
1804	247,0	
1805	246,9	
1806	248,4	
1807	249,1	
1808	247,3	
1809	247,8	
1810	247,6	
1811	249,6	
1812	248,9	
1813	247,8	
1814	248,0	
1815	247,9	
1816	248,3	
1817	248,5	
1818	247,8	
1819	255,9	
1820	247,6	
1821	249,0	
1822	248,3	
1823	248,8	
1824	250,4	
1825	248,3	
1826	249,5	
1827	248,9	
1828	248,2	
1829	249,1	
1830	249,1	
1831	249,6	
1832	248,9	
1833	250,1	
1834	249,2	
1835	251,2	
1836	249,8	
1837	250,3	
1838	250,1	
1839	251,2	
1840	251,4	
1841	252,7	
1842	251,4	
1843	251,9	
1844	250,9	
1845	252,4	
1846	251,8	
1847	251,9	
1848	253,4	
1849	252,3	
1850	252,6	
1851	253,4	
1852	252,8	
1853	254,4	
1854	253,0	
1855	252,6	
1856	253,5	
1857	252,6	
1858	254,6	
1859	253,1	
1860	253,5	
1861	253,0	
1862	252,7	
1863	253,3	
1864	254,2	
1865	252,6	
1866	254,6	
1867	253,0	
1868	254,0	
1869	253,9	
1870	255,1	
1871	253,6	
1872	253,8	
1873	253,2	
1874	254,8	
1875	253,2	
1876	253,7	
1877	252,4	
1878	253,2	
1879	252,3	
1880	252,2	
1881	254,8	
1882	253,4	
1883	252,0	
1884	253,0	
1885	253,1	
1886	256,1	
1887	252,7	
1888	252,6	
1889	252,5	
1890	255,4	
1891	253,1	
1892	253,1	
1893	255,6	
1894	253,9	
1895	253,8	
1896	255,2	
1897	254,5	
1898	255,5	
1899	254,8	
1900	256,3	
1901	254,7	
1902	254,4	
1903	257,3	
1904	255,4	
1905	255,6	
1906	254,3	
1907	255,5	
1908	255,8	
1909	258,2	
1910	255,6	
1911	255,6	
1912	256,2	
1913	254,6	
1914	255,6	
1915	254,3	
1916	254,6	
1917	257,0	
1918	255,8	
1919	255,1	
1920	255,5	
1921	254,8	
1922	255,2	
1923	255,3	
1924	254,7	
1925	254,6	
1926	254,9	
1927	254,3	
1928	255,3	
1929	255,4	
1930	254,6	
1931	256,3	
1932	254,1	
1933	256,1	
1934	253,7	
1935	254,3	
1936	254,9	
1937	255,9	
1938	253,8	
1939	253,6	
1940	253,7	
1941	253,5	
1942	254,2	
1943	254,4	
1944	253,9	
1945	254,6	
1946	253,3	
1947	253,5	
1948	254,3	
1949	254,5	
1950	254,3	
1951	254,5	
1952	253,8	
1953	254,3	
1954	254,2	
1955	253,8	
1956	254,3	
1957	253,5	
1958	253,8	
1959	255,1	
1960	252,9	
1961	255,9	
1962	253,9	
1963	252,9	
1964	253,4	
1965	252,8	
1966	252,7	
1967	252,1	
1968	252,7	
1969	253,3	
1970	253,2	
1971	253,1	
1972	253,2	
1973	253,7	
1974	253,8	
1975	251,8	
1976	252,8	
1977	252,9	
1978	252,7	
1979	252,6	
1980	253,3	
1981	252,1	
1982	253,0	
1983	252,5	
1984	253,0	
1985	252,6	
1986	252,6	
1987	252,3	
1988	251,8	
1989	251,6	
1990	252,5	
1991	251,9	
1992	252,0	
1993	252,8	
1994	251,0	
1995	250,0	
1996	249,7	
1997	251,3	
1998	250,1	
1999	250,6	
2000	252,5	
2001	250,0	
2002	250,2	
2003	252,1	
2004	251,0	
2005	251,8	
2006	250,5	
2007	251,5	
2008	249,7	
2009	251,2	
2010	250,6	
2011	251,9	
2012	249,4	
2013	249,7	
2014	249,2	
2015	248,6	
2016	248,0	
2017	248,3	
2018	247,9	
2019	247,9	
2020	248,1	
2021	248,0	
2022	247,9	
2023	246,8	
2024	247,1	
2025	247,7	
2026	247,9	
2027	246,9	
2028	249,1	
2029	245,9	
2030	246,4	
2031	246,7	
2032	246,4	
2033	245,9	
2034	246,9	
2035	247,1	
2036	245,2	
2037	244,9	
2038	249,5	
2039	247,6	
2040	245,2	
2041	244,7	
2042	244,1	
2043	243,5	
2044	245,1	
2045	246,6	
2046	243,2	
2047	242,5	
2048	243,8	
2049	243,5	
2050	244,0	
2051	243,0	
2052	242,3	
2053	241,1	
2054	240,9	
2055	240,8	
2056	242,3	
2057	241,2	
2058	240,2	
2059	240,1	
2060	240,5	
2061	240,0	
2062	240,0	
2063	241,9	
2064	240,4	
2065	239,0	
2066	238,9	
2067	239,3	
2068	238,7	
2069	239,1	
2070	238,4	
2071	238,0	
2072	238,6	
2073	238,1	
2074	238,0	
2075	237,5	
2076	238,5	
2077	237,7	
2078	236,9	
2079	237,6	
2080	236,4	
2081	237,4	
2082	237,1	
2083	236,1	
2084	236,3	
2085	235,8	
2086	235,0	
2087	236,2	
2088	235,8	
2089	236,1	
2090	234,7	
2091	234,1	
2092	233,7	
2093	234,3	
2094	233,6	
2095	233,6	
2096	232,8	
2097	233,4	
2098	232,8	
2099	232,6	
2100	232,6	
2101	232,0	
2102	231,2	
2103	231,8	
2104	229,9	
2105	229,3	
2106	230,0	
2107	229,7	
2108	229,8	
2109	229,2	
2110	228,2	
2111	228,2	
2112	227,7	
2113	227,4	
2114	227,1	
2115	227,2	
2116	226,3	
2117	226,8	
2118	227,0	
2119	225,9	
2120	226,8	
2121	227,1	
2122	225,2	
2123	225,9	
2124	225,6	
2125	226,0	
2126	224,2	
2127	223,4	
2128	222,6	
2129	223,2	
2130	222,4	
2131	221,4	
2132	221,5	
2133	221,7	
2134	221,7	
2135	221,6	
2136	220,8	
2137	221,5	
2138	221,8	
2139	220,9	
2140	219,9	
2141	219,6	
2142	219,6	
2143	219,2	
2144	218,7	
2145	218,0	
2146	217,8	
2147	218,7	
2148	217,6	
2149	216,9	
2150	216,6	
2151	217,3	
2152	216,4	
2153	215,8	
2154	215,6	
2155	215,3	
2156	214,7	
2157	214,7	
2158	214,1	
2159	213,3	
2160	213,9	
2161	213,2	
2162	211,8	
2163	212,0	
2164	212,1	
2165	210,4	
2166	210,8	
2167	209,4	
2168	209,6	
2169	209,8	
2170	208,3	
2171	208,5	
2172	209,3	
2173	208,3	
2174	207,0	
2175	208,2	
2176	206,5	
2177	207,6	
2178	205,8	
2179	206,2	
2180	204,6	
2181	204,7	
2182	203,9	
2183	203,2	
2184	204,5	
2185	203,9	
2186	202,4	
2187	201,6	
2188	204,7	
2189	202,4	
2190	201,3	
2191	201,1	
2192	201,0	
2193	200,3	
2194	199,0	
2195	199,4	
2196	199,1	
2197	199,6	
2198	197,9	
2199	197,4	
2200	199,5	
2201	197,2	
2202	197,0	
2203	198,0	
2204	195,5	
2205	196,1	
2206	195,6	
2207	195,2	
2208	194,7	
2209	194,6	
2210	194,9	
2211	193,1	
2212	192,8	
2213	192,0	
2214	191,8	
2215	193,6	
2216	192,8	
2217	191,9	
2218	191,7	
2219	191,4	
2220	189,7	
2221	189,0	
2222	189,0	
2223	187,9	
2224	188,3	
2225	186,9	
2226	186,3	
2227	184,7	
2228	184,7	
2229	184,2	
2230	184,0	
2231	183,6	
2232	183,5	
2233	183,2	
2234	182,4	
2235	183,5	
2236	181,6	
2237	181,1	
2238	182,7	
2239	180,3	
2240	179,8	
2241	180,2	
2242	179,9	
2243	179,3	
2244	177,9	
2245	178,4	
2246	177,3	
2247	178,6	
2248	177,1	
2249	176,1	
2250	175,7	
2251	174,6	
2252	175,5	
2253	173,9	
2254	174,1	
2255	173,0	
2256	172,3	
2257	172,4	
2258	173,2	
2259	172,2	
2260	171,2	
2261	170,3	
2262	172,1	
2263	170,7	
2264	169,7	
2265	168,9	
2266	168,1	
2267	167,2	
2268	167,8	
2269	166,5	
2270	167,5	
2271	164,9	
2272	165,1	
2273	165,1	
2274	165,5	
2275	165,4	
2276	164,3	
2277	162,6	
2278	162,0	
2279	162,1	
2280	160,7	
2281	159,7	
2282	159,9	
2283	158,1	
2284	158,9	
2285	159,0	
2286	160,3	
2287	157,1	
2288	156,5	
2289	156,0	
2290	157,8	
2291	155,6	
2292	154,7	
2293	154,9	
2294	156,5	
2295	154,4	
2296	153,5	
2297	153,5	
2298	152,9	
2299	151,8	
2300	152,3	
2301	151,3	
2302	151,6	
2303	150,3	
2304	149,3	
2305	149,5	
2306	153,9	
2307	147,9	
2308	148,2	
2309	146,9	
2310	147,2	
2311	145,7	
2312	146,9	
2313	145,8	
2314	145,4	
2315	144,2	
2316	143,8	
2317	143,0	
2318	143,1	
2319	144,1	
2320	141,6	
2321	142,7	
2322	141,3	
2323	140,8	
2324	139,8	
2325	139,2	
2326	138,7	
2327	138,1	
2328	139,0	
2329	136,9	
2330	136,9	
2331	135,3	
2332	135,0	
2333	135,1	
2334	134,9	
2335	133,1	
2336	133,9	
2337	132,3	
2338	134,1	
2339	131,4	
2340	131,2	
2341	130,8	
2342	129,7	
2343	130,1	
2344	130,1	
2345	129,1	
2346	127,9	
2347	128,1	
2348	127,1	
2349	125,7	
2350	125,9	
2351	124,9	
2352	125,8	
2353	124,2	
2354	126,0	
2355	123,3	
2356	122,4	
2357	122,2	
2358	122,3	
2359	122,2	
2360	120,7	
2361	121,4	
2362	119,3	
2363	119,2	
2364	119,9	
2365	118,2	
2366	118,2	
2367	118,2	
2368	118,5	
2369	116,5	
2370	116,3	
2371	115,1	
2372	115,2	
2373	114,0	
2374	114,7	
2375	113,4	
2376	112,6	
2377	112,0	
2378	111,4	
2379	110,5	
2380	113,1	
2381	109,9	
2382	111,2	
2383	109,4	
2384	108,4	
2385	108,4	
2386	107,4	
2387	107,1	
2388	106,1	
2389	105,1	
2390	105,3	
2391	104,2	
2392	103,9	
2393	103,3	
2394	103,2	
2395	102,1	
2396	102,5	
2397	100,8	
2398	101,4	
2399	101,6	
2400	100,0	
2401	101,2	
2402	97,9	
2403	97,9	
2404	98,2	
2405	97,1	
2406	98,5	
2407	97,0	
2408	96,7	
2409	95,8	
2410	95,6	
2411	94,1	
2412	93,5	
2413	95,2	
2414	91,8	
2415	92,6	
2416	91,1	
2417	90,4	
2418	91,0	
2419	89,1	
2420	88,9	
2421	88,6	
2422	87,7	
2423	88,2	
2424	88,0	
2425	89,3	
2426	91,1	
2427	86,4	
2428	85,1	
2429	84,1	
2430	83,8	
2431	83,7	
2432	87,5	
2433	82,6	
2434	84,8	
2435	83,6	
2436	83,8	
2437	80,3	
2438	80,1	
2439	80,2	
2440	79,0	
2441	78,0	
2442	78,1	
2443	77,6	
2444	76,9	
2445	76,4	
2446	75,6	
2447	75,2	
2448	73,8	
2449	73,8	
2450	73,2	
2451	74,1	
2452	72,7	
2453	71,4	
2454	71,3	
2455	69,3	
2456	69,7	
2457	69,0	
2458	71,6	
2459	69,1	
2460	67,6	
2461	68,5	
2462	67,2	
2463	65,8	
2464	66,8	
2465	64,8	
2466	65,0	
2467	64,0	
2468	63,9	
2469	63,4	
2470	63,8	
2471	62,8	
2472	63,7	
2473	61,4	
2474	61,0	
2475	60,2	
2476	59,8	
2477	59,4	
2478	59,6	
2479	58,1	
2480	58,2	
2481	57,1	
2482	56,7	
2483	56,4	
2484	55,6	
2485	55,6	
2486	55,0	
2487	54,3	
2488	54,5	
2489	53,6	
2490	53,0	
2491	52,2	
2492	53,3	
2493	52,1	
2494	51,5	
2495	50,5	
2496	49,6	
2497	51,6	
2498	48,3	
2499	49,7	
2500	49,2	
2501	46,8	
2502	46,3	
2503	46,1	
2504	46,0	
2505	45,0	
2506	44,4	
2507	43,4	
2508	43,2	
2509	43,1	
2510	43,0	
2511	42,5	
2512	42,9	
2513	40,6	
2514	39,8	
2515	39,3	
2516	41,3	
2517	39,1	
2518	38,1	
2519	38,0	
2520	37,5	
2521	36,8	
2522	37,7	
2523	35,3	
2524	35,8	
2525	34,8	
2526	33,5	
2527	34,5	
2528	33,6	
2529	33,4	
2530	32,7	
2531	33,6	
2532	32,0	
2533	31,7	
2534	32,0	
2535	30,4	
2536	30,8	
2537	30,0	
2538	28,1	
2539	27,9	
2540	26,7	
2541	26,0	
2542	25,8	
2543	26,4	
2544	26,0	
2545	24,8	
2546	26,7	
2547	24,4	
2548	24,1	
2549	23,7	
2550	22,1	
2551	21,8	
2552	22,0	
2553	20,4	
2554	20,7	
2555	21,9	
2556	19,6	
2557	20,1	
2558	20,8	
2559	17,7	
2560	18,9	
2561	18,8	
2562	16,5	
2563	19,3	
2564	15,3	
2565	14,4	
2566	13,8	
2567	12,7	
2568	13,1	
2569	12,2	
2570	11,3	
2571	11,7	
2572	10,2	
2573	11,0	
2574	10,9	
2575	12,0	
2576	10,3	
2577	8,4	
2578	10,0	
2579	8,3	
2580	6,6	
2581	6,2	
2582	6,3	
2583	7,7	
2584	5,3	
2585	4,6	
2586	3,8	
