[HEADER]
H01=项目编号:
H02=项目注释:
H03=用户:
H04=测量日期:	21.04.2023
H05=测量时间:	16:14:10
H06=文件名称:	C:\Users\Test-02\Desktop\421HF\12右\file_02.dat
H07=车厢号码:
H08=轮副:
H09=轨道基本间距:	0
H10=轨迹偏移:	0
H11=测量点数:	2591
H12=测量:	好
H14=轮子:	L
H13=扩展注释:
[MeasurementData]
[mm] [µm]
0	0,0	
1	-0,5	
2	-1,7	
3	-2,9	
4	-3,2	
5	-3,6	
6	-1,9	
7	-3,4	
8	-3,7	
9	-2,8	
10	0,5	
11	-0,9	
12	-2,7	
13	-1,5	
14	-1,5	
15	-0,4	
16	-0,9	
17	-0,8	
18	0,0	
19	0,2	
20	-0,3	
21	0,0	
22	0,7	
23	0,4	
24	-1,0	
25	1,7	
26	1,2	
27	0,4	
28	1,6	
29	0,6	
30	0,8	
31	1,9	
32	1,6	
33	0,9	
34	1,1	
35	0,7	
36	4,4	
37	0,8	
38	1,7	
39	1,8	
40	3,8	
41	2,3	
42	2,5	
43	3,0	
44	5,2	
45	2,6	
46	3,5	
47	3,0	
48	4,1	
49	4,0	
50	3,6	
51	4,0	
52	4,2	
53	4,3	
54	4,3	
55	3,0	
56	2,8	
57	4,4	
58	2,8	
59	2,3	
60	1,6	
61	3,9	
62	0,3	
63	0,9	
64	2,2	
65	1,9	
66	1,6	
67	1,2	
68	1,2	
69	3,6	
70	2,2	
71	3,7	
72	2,9	
73	3,0	
74	3,7	
75	3,4	
76	4,1	
77	4,4	
78	3,8	
79	4,8	
80	3,5	
81	3,6	
82	5,7	
83	4,0	
84	5,1	
85	4,6	
86	5,2	
87	4,5	
88	4,4	
89	5,6	
90	4,5	
91	6,2	
92	3,0	
93	4,1	
94	4,6	
95	4,8	
96	5,3	
97	4,6	
98	4,2	
99	4,6	
100	4,8	
101	5,3	
102	4,7	
103	4,7	
104	7,1	
105	4,4	
106	4,0	
107	3,8	
108	4,3	
109	5,6	
110	3,7	
111	5,0	
112	4,5	
113	5,0	
114	5,1	
115	4,8	
116	3,5	
117	2,3	
118	1,2	
119	2,2	
120	1,7	
121	1,7	
122	3,1	
123	2,4	
124	3,2	
125	1,7	
126	5,2	
127	5,0	
128	8,8	
129	3,6	
130	5,4	
131	4,4	
132	4,5	
133	5,1	
134	3,9	
135	4,3	
136	6,6	
137	4,6	
138	5,9	
139	5,0	
140	5,5	
141	4,9	
142	4,3	
143	6,0	
144	5,6	
145	5,1	
146	4,2	
147	5,3	
148	4,7	
149	6,1	
150	8,6	
151	6,5	
152	5,0	
153	4,5	
154	5,5	
155	5,6	
156	6,4	
157	6,1	
158	5,2	
159	5,4	
160	5,8	
161	5,6	
162	4,9	
163	6,0	
164	4,2	
165	5,1	
166	6,7	
167	5,2	
168	5,1	
169	6,1	
170	7,0	
171	6,0	
172	9,6	
173	5,1	
174	5,9	
175	7,1	
176	4,2	
177	4,5	
178	4,0	
179	5,1	
180	3,5	
181	5,4	
182	3,7	
183	5,8	
184	4,5	
185	5,0	
186	4,3	
187	5,5	
188	5,1	
189	5,4	
190	4,7	
191	4,5	
192	7,0	
193	6,0	
194	7,1	
195	6,1	
196	5,0	
197	5,4	
198	4,6	
199	6,7	
200	5,3	
201	4,6	
202	4,0	
203	4,7	
204	3,9	
205	4,1	
206	4,0	
207	4,0	
208	5,5	
209	3,8	
210	3,5	
211	6,3	
212	5,1	
213	7,1	
214	6,0	
215	5,5	
216	7,5	
217	4,4	
218	5,1	
219	6,4	
220	5,3	
221	5,7	
222	8,1	
223	5,3	
224	5,0	
225	5,0	
226	5,0	
227	5,3	
228	6,3	
229	5,2	
230	3,8	
231	4,2	
232	2,7	
233	2,6	
234	2,9	
235	2,5	
236	1,9	
237	3,3	
238	1,7	
239	1,2	
240	3,3	
241	3,9	
242	2,6	
243	3,4	
244	5,2	
245	4,6	
246	3,8	
247	3,1	
248	3,5	
249	5,1	
250	4,8	
251	5,4	
252	4,3	
253	4,3	
254	7,1	
255	5,1	
256	4,9	
257	2,7	
258	2,3	
259	2,2	
260	2,0	
261	1,9	
262	2,8	
263	2,9	
264	3,0	
265	2,2	
266	1,6	
267	4,5	
268	5,1	
269	4,3	
270	3,0	
271	4,2	
272	3,6	
273	4,1	
274	3,1	
275	4,3	
276	4,0	
277	4,8	
278	5,7	
279	5,3	
280	4,3	
281	4,3	
282	4,5	
283	3,6	
284	3,5	
285	4,4	
286	4,6	
287	3,6	
288	5,3	
289	3,6	
290	3,4	
291	8,1	
292	3,0	
293	3,3	
294	2,7	
295	1,7	
296	0,8	
297	2,2	
298	1,4	
299	1,7	
300	1,1	
301	3,2	
302	3,6	
303	2,9	
304	4,7	
305	4,4	
306	5,3	
307	4,5	
308	3,8	
309	5,7	
310	4,9	
311	4,8	
312	5,7	
313	4,1	
314	5,2	
315	6,3	
316	4,6	
317	3,9	
318	5,2	
319	4,7	
320	4,3	
321	2,8	
322	3,7	
323	3,0	
324	3,1	
325	4,3	
326	1,4	
327	3,2	
328	3,6	
329	2,3	
330	4,4	
331	3,5	
332	4,0	
333	3,7	
334	4,6	
335	3,7	
336	3,7	
337	3,6	
338	4,7	
339	2,0	
340	3,8	
341	2,5	
342	3,3	
343	2,6	
344	5,6	
345	1,5	
346	2,3	
347	1,5	
348	4,9	
349	1,8	
350	2,4	
351	0,5	
352	2,8	
353	-0,6	
354	1,8	
355	-1,0	
356	0,6	
357	2,5	
358	1,9	
359	2,0	
360	5,4	
361	2,1	
362	2,8	
363	3,3	
364	3,7	
365	1,8	
366	2,3	
367	2,4	
368	3,0	
369	3,5	
370	2,4	
371	1,9	
372	1,5	
373	2,1	
374	2,1	
375	2,6	
376	1,1	
377	1,5	
378	1,9	
379	0,7	
380	3,8	
381	-0,6	
382	-0,3	
383	-0,6	
384	0,0	
385	1,0	
386	0,1	
387	0,5	
388	1,0	
389	1,6	
390	1,0	
391	1,9	
392	1,9	
393	2,4	
394	1,7	
395	1,3	
396	1,9	
397	0,7	
398	1,5	
399	3,0	
400	5,1	
401	0,1	
402	0,2	
403	-0,1	
404	-1,0	
405	1,0	
406	-0,5	
407	-1,1	
408	1,2	
409	-1,4	
410	-0,9	
411	0,0	
412	0,6	
413	-1,6	
414	-3,0	
415	-3,5	
416	-2,1	
417	-3,7	
418	-4,7	
419	-3,2	
420	0,7	
421	-1,5	
422	-1,7	
423	0,3	
424	1,1	
425	-0,3	
426	0,2	
427	0,4	
428	-1,0	
429	-0,7	
430	0,0	
431	2,6	
432	0,7	
433	-1,3	
434	-0,5	
435	-0,5	
436	-1,3	
437	-1,8	
438	-1,8	
439	-1,1	
440	-2,2	
441	-3,4	
442	-3,7	
443	-2,2	
444	-2,1	
445	-1,7	
446	-1,5	
447	-0,5	
448	-1,2	
449	-0,8	
450	-3,5	
451	-3,2	
452	-2,4	
453	-1,7	
454	-2,5	
455	-2,1	
456	-3,2	
457	-2,8	
458	-2,0	
459	0,6	
460	2,6	
461	-0,6	
462	-1,7	
463	-3,4	
464	-3,5	
465	-3,3	
466	-4,1	
467	-4,0	
468	-7,5	
469	-6,1	
470	-4,5	
471	-6,5	
472	-5,8	
473	-5,7	
474	-4,5	
475	-5,1	
476	-3,3	
477	-5,0	
478	-5,7	
479	-5,0	
480	-2,1	
481	-4,5	
482	-4,9	
483	-4,8	
484	-4,3	
485	-2,1	
486	-4,5	
487	-5,2	
488	-5,3	
489	-2,7	
490	-5,0	
491	-5,3	
492	-6,4	
493	-6,8	
494	-7,0	
495	-7,6	
496	-7,3	
497	-8,1	
498	-8,0	
499	-8,3	
500	-5,1	
501	-7,8	
502	-7,5	
503	-6,5	
504	-7,6	
505	-6,5	
506	-6,0	
507	-6,9	
508	-4,8	
509	-8,6	
510	-7,5	
511	-8,8	
512	-10,4	
513	-7,4	
514	-6,7	
515	-7,8	
516	-7,3	
517	-8,5	
518	-7,6	
519	-7,7	
520	-10,2	
521	-10,1	
522	-11,0	
523	-7,3	
524	-11,1	
525	-11,2	
526	-10,5	
527	-9,9	
528	-11,3	
529	-11,1	
530	-11,3	
531	-9,8	
532	-10,9	
533	-10,2	
534	-9,2	
535	-11,1	
536	-10,3	
537	-11,7	
538	-10,8	
539	-10,8	
540	-10,1	
541	-12,3	
542	-11,0	
543	-11,0	
544	-9,1	
545	-9,9	
546	-12,8	
547	-11,3	
548	-12,2	
549	-12,0	
550	-12,7	
551	-12,2	
552	-12,4	
553	-14,2	
554	-11,7	
555	-14,4	
556	-13,7	
557	-14,1	
558	-13,9	
559	-13,6	
560	-13,3	
561	-14,3	
562	-13,0	
563	-12,3	
564	-13,0	
565	-14,2	
566	-13,9	
567	-13,9	
568	-14,5	
569	-14,3	
570	-13,8	
571	-13,7	
572	-15,5	
573	-16,9	
574	-17,1	
575	-16,2	
576	-17,1	
577	-16,6	
578	-16,7	
579	-15,7	
580	-16,4	
581	-15,4	
582	-15,0	
583	-16,0	
584	-17,4	
585	-15,5	
586	-16,8	
587	-15,1	
588	-16,6	
589	-16,8	
590	-17,3	
591	-17,0	
592	-16,2	
593	-16,9	
594	-15,7	
595	-15,3	
596	-17,1	
597	-15,7	
598	-15,9	
599	-15,7	
600	-14,5	
601	-13,6	
602	-14,2	
603	-17,2	
604	-14,9	
605	-17,0	
606	-17,9	
607	-18,6	
608	-18,4	
609	-17,0	
610	-19,6	
611	-19,9	
612	-19,3	
613	-18,7	
614	-20,3	
615	-19,8	
616	-19,5	
617	-18,7	
618	-16,9	
619	-17,5	
620	-17,6	
621	-17,2	
622	-18,0	
623	-19,1	
624	-16,4	
625	-16,1	
626	-18,2	
627	-18,6	
628	-18,3	
629	-19,2	
630	-20,3	
631	-20,0	
632	-20,1	
633	-18,6	
634	-20,1	
635	-18,8	
636	-20,3	
637	-19,7	
638	-19,6	
639	-21,0	
640	-21,0	
641	-20,7	
642	-20,2	
643	-21,4	
644	-20,1	
645	-21,6	
646	-22,5	
647	-23,7	
648	-23,2	
649	-22,4	
650	-22,4	
651	-21,7	
652	-22,8	
653	-20,1	
654	-21,7	
655	-22,5	
656	-23,1	
657	-20,9	
658	-23,8	
659	-22,3	
660	-23,8	
661	-22,8	
662	-19,7	
663	-23,7	
664	-23,5	
665	-24,9	
666	-25,2	
667	-26,0	
668	-24,6	
669	-26,9	
670	-25,9	
671	-23,8	
672	-26,8	
673	-22,7	
674	-24,8	
675	-24,8	
676	-24,5	
677	-24,9	
678	-24,8	
679	-24,2	
680	-25,0	
681	-26,1	
682	-23,5	
683	-25,0	
684	-25,0	
685	-25,0	
686	-26,2	
687	-25,8	
688	-26,0	
689	-25,8	
690	-24,6	
691	-25,2	
692	-24,8	
693	-26,3	
694	-25,2	
695	-27,2	
696	-27,1	
697	-24,7	
698	-26,8	
699	-27,1	
700	-28,2	
701	-27,9	
702	-27,7	
703	-27,4	
704	-26,7	
705	-27,5	
706	-28,4	
707	-28,6	
708	-27,9	
709	-29,0	
710	-28,2	
711	-28,3	
712	-27,1	
713	-28,4	
714	-28,6	
715	-28,1	
716	-27,6	
717	-27,7	
718	-27,3	
719	-28,2	
720	-28,6	
721	-26,8	
722	-28,7	
723	-30,4	
724	-31,3	
725	-31,0	
726	-30,9	
727	-31,9	
728	-30,0	
729	-27,8	
730	-29,3	
731	-30,1	
732	-29,5	
733	-28,6	
734	-26,7	
735	-28,3	
736	-27,7	
737	-27,0	
738	-28,7	
739	-28,7	
740	-29,8	
741	-30,6	
742	-31,2	
743	-30,6	
744	-27,3	
745	-27,6	
746	-28,6	
747	-28,1	
748	-29,0	
749	-27,8	
750	-28,8	
751	-28,7	
752	-29,8	
753	-29,3	
754	-30,2	
755	-31,0	
756	-29,7	
757	-30,8	
758	-31,8	
759	-31,9	
760	-32,8	
761	-31,8	
762	-30,1	
763	-32,3	
764	-31,3	
765	-30,0	
766	-30,0	
767	-29,4	
768	-29,0	
769	-30,6	
770	-30,7	
771	-30,4	
772	-30,9	
773	-30,7	
774	-30,7	
775	-29,7	
776	-26,6	
777	-29,9	
778	-30,0	
779	-31,1	
780	-31,0	
781	-30,2	
782	-31,4	
783	-31,7	
784	-31,9	
785	-33,7	
786	-32,2	
787	-32,8	
788	-33,3	
789	-33,3	
790	-33,3	
791	-32,2	
792	-30,3	
793	-32,0	
794	-31,2	
795	-31,2	
796	-32,9	
797	-31,8	
798	-32,1	
799	-33,5	
800	-33,6	
801	-31,6	
802	-33,0	
803	-32,2	
804	-32,8	
805	-33,5	
806	-32,3	
807	-33,3	
808	-33,1	
809	-33,8	
810	-34,4	
811	-33,7	
812	-35,1	
813	-33,5	
814	-33,4	
815	-35,0	
816	-34,9	
817	-33,6	
818	-35,3	
819	-34,7	
820	-33,5	
821	-34,8	
822	-35,4	
823	-34,1	
824	-35,3	
825	-32,6	
826	-34,5	
827	-33,7	
828	-32,1	
829	-33,0	
830	-31,6	
831	-34,1	
832	-33,2	
833	-33,3	
834	-34,1	
835	-32,6	
836	-35,3	
837	-35,9	
838	-35,0	
839	-35,7	
840	-36,6	
841	-35,9	
842	-35,7	
843	-34,7	
844	-36,2	
845	-35,3	
846	-35,9	
847	-32,8	
848	-33,8	
849	-35,0	
850	-34,1	
851	-34,2	
852	-34,5	
853	-34,7	
854	-34,1	
855	-34,2	
856	-32,7	
857	-33,9	
858	-34,3	
859	-34,7	
860	-33,6	
861	-34,4	
862	-33,1	
863	-32,9	
864	-34,7	
865	-34,8	
866	-34,4	
867	-33,3	
868	-34,3	
869	-32,2	
870	-35,1	
871	-34,7	
872	-35,2	
873	-36,0	
874	-36,5	
875	-36,0	
876	-36,3	
877	-36,1	
878	-34,3	
879	-31,7	
880	-35,2	
881	-33,7	
882	-32,6	
883	-28,0	
884	-33,9	
885	-33,0	
886	-34,1	
887	-33,2	
888	-33,6	
889	-33,3	
890	-33,6	
891	-31,8	
892	-33,5	
893	-33,8	
894	-34,8	
895	-34,3	
896	-35,4	
897	-36,1	
898	-35,8	
899	-34,5	
900	-33,2	
901	-34,3	
902	-31,9	
903	-34,1	
904	-33,0	
905	-33,5	
906	-32,8	
907	-33,1	
908	-31,6	
909	-33,1	
910	-27,6	
911	-33,1	
912	-31,1	
913	-33,6	
914	-33,2	
915	-33,5	
916	-34,0	
917	-32,3	
918	-32,3	
919	-31,7	
920	-31,1	
921	-32,8	
922	-32,4	
923	-31,9	
924	-32,7	
925	-33,0	
926	-32,7	
927	-34,0	
928	-33,5	
929	-33,7	
930	-33,9	
931	-31,5	
932	-33,0	
933	-32,0	
934	-33,2	
935	-33,1	
936	-31,6	
937	-32,7	
938	-31,6	
939	-30,6	
940	-32,1	
941	-31,1	
942	-31,6	
943	-31,2	
944	-32,5	
945	-31,0	
946	-32,0	
947	-32,6	
948	-33,1	
949	-31,7	
950	-32,4	
951	-32,5	
952	-31,4	
953	-33,5	
954	-33,8	
955	-33,2	
956	-32,0	
957	-32,9	
958	-34,3	
959	-31,7	
960	-32,3	
961	-31,6	
962	-32,1	
963	-29,0	
964	-31,3	
965	-31,5	
966	-30,7	
967	-31,2	
968	-29,4	
969	-29,1	
970	-30,9	
971	-31,4	
972	-30,8	
973	-29,3	
974	-29,3	
975	-30,5	
976	-28,1	
977	-30,9	
978	-30,9	
979	-31,7	
980	-31,5	
981	-30,7	
982	-32,5	
983	-31,0	
984	-29,7	
985	-30,5	
986	-30,2	
987	-31,5	
988	-30,6	
989	-30,3	
990	-30,0	
991	-28,3	
992	-29,3	
993	-31,4	
994	-30,7	
995	-25,8	
996	-28,6	
997	-30,6	
998	-30,4	
999	-27,8	
1000	-28,6	
1001	-29,5	
1002	-28,8	
1003	-28,2	
1004	-29,4	
1005	-28,4	
1006	-30,0	
1007	-29,5	
1008	-29,9	
1009	-28,6	
1010	-29,0	
1011	-31,0	
1012	-30,3	
1013	-29,8	
1014	-29,4	
1015	-28,9	
1016	-25,1	
1017	-27,2	
1018	-28,5	
1019	-28,7	
1020	-27,2	
1021	-27,2	
1022	-28,2	
1023	-28,4	
1024	-27,6	
1025	-27,9	
1026	-24,7	
1027	-27,5	
1028	-27,0	
1029	-26,3	
1030	-25,7	
1031	-27,1	
1032	-26,2	
1033	-26,5	
1034	-26,9	
1035	-26,3	
1036	-26,7	
1037	-27,5	
1038	-27,5	
1039	-26,4	
1040	-27,0	
1041	-26,8	
1042	-25,1	
1043	-27,5	
1044	-28,0	
1045	-28,7	
1046	-27,6	
1047	-28,7	
1048	-27,8	
1049	-27,3	
1050	-26,4	
1051	-24,0	
1052	-25,9	
1053	-25,9	
1054	-23,7	
1055	-24,7	
1056	-25,4	
1057	-25,7	
1058	-24,6	
1059	-25,6	
1060	-24,2	
1061	-24,7	
1062	-22,6	
1063	-24,5	
1064	-25,3	
1065	-24,1	
1066	-23,4	
1067	-22,9	
1068	-24,1	
1069	-24,3	
1070	-24,2	
1071	-23,9	
1072	-24,0	
1073	-24,8	
1074	-24,9	
1075	-23,8	
1076	-23,0	
1077	-23,3	
1078	-24,3	
1079	-23,0	
1080	-23,0	
1081	-23,4	
1082	-22,5	
1083	-23,5	
1084	-22,4	
1085	-22,3	
1086	-20,5	
1087	-21,8	
1088	-19,6	
1089	-22,2	
1090	-22,2	
1091	-21,1	
1092	-20,9	
1093	-20,5	
1094	-20,6	
1095	-20,6	
1096	-20,0	
1097	-21,4	
1098	-22,5	
1099	-21,4	
1100	-20,5	
1101	-21,8	
1102	-21,8	
1103	-21,5	
1104	-21,0	
1105	-20,6	
1106	-20,0	
1107	-18,8	
1108	-14,9	
1109	-20,0	
1110	-18,9	
1111	-19,2	
1112	-20,0	
1113	-17,5	
1114	-20,4	
1115	-18,1	
1116	-18,4	
1117	-19,4	
1118	-19,5	
1119	-18,6	
1120	-18,7	
1121	-18,0	
1122	-18,7	
1123	-18,0	
1124	-18,5	
1125	-18,8	
1126	-19,2	
1127	-18,4	
1128	-19,7	
1129	-18,6	
1130	-18,4	
1131	-19,1	
1132	-17,8	
1133	-16,0	
1134	-16,4	
1135	-15,8	
1136	-15,4	
1137	-14,6	
1138	-15,8	
1139	-16,6	
1140	-15,3	
1141	-16,2	
1142	-14,2	
1143	-14,2	
1144	-15,0	
1145	-14,1	
1146	-12,7	
1147	-15,2	
1148	-13,4	
1149	-14,3	
1150	-15,2	
1151	-14,8	
1152	-10,3	
1153	-13,9	
1154	-15,1	
1155	-13,0	
1156	-14,0	
1157	-15,2	
1158	-12,3	
1159	-14,0	
1160	-14,0	
1161	-12,7	
1162	-13,6	
1163	-12,3	
1164	-13,3	
1165	-9,9	
1166	-13,0	
1167	-14,1	
1168	-13,3	
1169	-12,3	
1170	-11,8	
1171	-12,7	
1172	-10,1	
1173	-10,2	
1174	-10,6	
1175	-9,2	
1176	-10,4	
1177	-10,0	
1178	-9,0	
1179	-9,6	
1180	-9,7	
1181	-9,8	
1182	-10,8	
1183	-9,8	
1184	-10,6	
1185	-11,2	
1186	-11,3	
1187	-9,5	
1188	-8,4	
1189	-8,2	
1190	-9,2	
1191	-8,7	
1192	-7,9	
1193	-7,6	
1194	-6,8	
1195	-7,8	
1196	-4,1	
1197	-3,9	
1198	-5,0	
1199	-5,9	
1200	-5,5	
1201	-7,0	
1202	-5,8	
1203	-6,8	
1204	-7,4	
1205	-5,4	
1206	-5,1	
1207	-5,7	
1208	-3,5	
1209	-4,9	
1210	-4,3	
1211	-5,2	
1212	-4,4	
1213	-2,5	
1214	-4,3	
1215	-5,1	
1216	-4,9	
1217	-2,9	
1218	-4,8	
1219	-4,0	
1220	2,8	
1221	-0,8	
1222	-2,9	
1223	-4,0	
1224	-2,6	
1225	-4,3	
1226	-3,6	
1227	-4,0	
1228	-3,6	
1229	-2,3	
1230	-1,6	
1231	-2,0	
1232	-1,7	
1233	-1,0	
1234	-1,4	
1235	3,3	
1236	4,6	
1237	-1,2	
1238	-0,6	
1239	-1,0	
1240	-2,1	
1241	-0,8	
1242	-4,1	
1243	-1,9	
1244	-1,6	
1245	-0,4	
1246	-0,3	
1247	0,1	
1248	1,3	
1249	2,2	
1250	2,9	
1251	3,7	
1252	5,0	
1253	3,4	
1254	4,1	
1255	3,2	
1256	2,7	
1257	2,5	
1258	2,7	
1259	1,2	
1260	1,7	
1261	1,6	
1262	3,6	
1263	3,9	
1264	4,7	
1265	2,6	
1266	5,1	
1267	3,9	
1268	5,4	
1269	5,2	
1270	3,5	
1271	3,5	
1272	4,8	
1273	4,3	
1274	5,0	
1275	3,6	
1276	4,6	
1277	4,7	
1278	7,1	
1279	5,4	
1280	4,6	
1281	5,9	
1282	4,5	
1283	6,1	
1284	5,7	
1285	6,8	
1286	8,5	
1287	7,3	
1288	7,4	
1289	6,1	
1290	6,7	
1291	7,6	
1292	8,2	
1293	9,5	
1294	7,5	
1295	7,9	
1296	7,8	
1297	7,5	
1298	7,3	
1299	6,0	
1300	6,1	
1301	6,4	
1302	11,5	
1303	8,6	
1304	8,6	
1305	10,4	
1306	9,4	
1307	9,9	
1308	9,9	
1309	11,6	
1310	10,9	
1311	10,4	
1312	10,9	
1313	10,5	
1314	10,7	
1315	11,0	
1316	10,7	
1317	12,5	
1318	12,1	
1319	12,3	
1320	10,8	
1321	13,4	
1322	11,0	
1323	13,3	
1324	11,8	
1325	11,5	
1326	12,1	
1327	11,1	
1328	15,3	
1329	14,8	
1330	12,7	
1331	12,3	
1332	12,5	
1333	13,8	
1334	13,4	
1335	11,6	
1336	12,1	
1337	11,9	
1338	13,6	
1339	13,7	
1340	14,4	
1341	14,2	
1342	15,5	
1343	16,3	
1344	16,3	
1345	16,7	
1346	17,9	
1347	17,8	
1348	18,7	
1349	16,4	
1350	17,7	
1351	17,1	
1352	17,9	
1353	16,7	
1354	17,4	
1355	16,8	
1356	17,5	
1357	17,1	
1358	16,8	
1359	20,3	
1360	17,1	
1361	17,0	
1362	18,2	
1363	18,9	
1364	19,1	
1365	18,8	
1366	18,9	
1367	19,5	
1368	20,3	
1369	21,1	
1370	19,4	
1371	20,2	
1372	22,0	
1373	18,0	
1374	18,9	
1375	18,4	
1376	19,4	
1377	19,5	
1378	19,3	
1379	20,0	
1380	19,5	
1381	20,4	
1382	22,6	
1383	19,0	
1384	18,4	
1385	18,4	
1386	18,1	
1387	17,9	
1388	18,0	
1389	18,5	
1390	18,9	
1391	19,5	
1392	20,1	
1393	22,0	
1394	22,6	
1395	22,0	
1396	21,6	
1397	22,8	
1398	22,0	
1399	21,9	
1400	22,4	
1401	23,6	
1402	22,9	
1403	23,5	
1404	22,9	
1405	24,1	
1406	24,8	
1407	26,4	
1408	25,5	
1409	25,3	
1410	25,7	
1411	25,4	
1412	25,3	
1413	25,2	
1414	26,1	
1415	26,7	
1416	25,8	
1417	25,5	
1418	25,4	
1419	27,2	
1420	26,0	
1421	26,6	
1422	26,5	
1423	26,1	
1424	26,4	
1425	28,5	
1426	26,6	
1427	27,1	
1428	28,1	
1429	27,2	
1430	27,7	
1431	28,4	
1432	27,7	
1433	29,6	
1434	28,9	
1435	28,9	
1436	29,0	
1437	29,5	
1438	28,2	
1439	27,8	
1440	28,7	
1441	27,7	
1442	27,8	
1443	28,4	
1444	28,9	
1445	27,9	
1446	27,8	
1447	28,1	
1448	30,0	
1449	30,2	
1450	29,9	
1451	30,6	
1452	30,0	
1453	31,7	
1454	30,9	
1455	31,4	
1456	31,3	
1457	31,0	
1458	31,8	
1459	31,2	
1460	34,4	
1461	36,8	
1462	33,7	
1463	33,0	
1464	32,8	
1465	31,7	
1466	33,1	
1467	33,7	
1468	32,9	
1469	32,6	
1470	33,2	
1471	31,8	
1472	32,4	
1473	33,1	
1474	32,6	
1475	32,8	
1476	33,7	
1477	33,6	
1478	32,8	
1479	32,2	
1480	32,3	
1481	34,1	
1482	34,9	
1483	35,7	
1484	35,3	
1485	35,2	
1486	36,2	
1487	36,0	
1488	38,4	
1489	35,6	
1490	37,0	
1491	35,4	
1492	38,3	
1493	36,1	
1494	36,8	
1495	36,4	
1496	35,7	
1497	35,8	
1498	36,5	
1499	35,9	
1500	38,6	
1501	36,5	
1502	36,8	
1503	36,0	
1504	35,9	
1505	35,4	
1506	37,9	
1507	36,7	
1508	37,8	
1509	39,5	
1510	37,6	
1511	38,2	
1512	37,8	
1513	38,8	
1514	38,2	
1515	40,9	
1516	39,8	
1517	39,7	
1518	39,3	
1519	40,0	
1520	40,8	
1521	39,9	
1522	41,7	
1523	40,6	
1524	40,7	
1525	41,7	
1526	41,1	
1527	40,8	
1528	40,0	
1529	40,1	
1530	38,8	
1531	39,8	
1532	42,1	
1533	40,6	
1534	40,1	
1535	41,1	
1536	43,7	
1537	42,1	
1538	42,9	
1539	43,6	
1540	43,1	
1541	43,2	
1542	44,8	
1543	43,0	
1544	44,4	
1545	46,1	
1546	45,3	
1547	45,8	
1548	43,7	
1549	44,3	
1550	47,6	
1551	44,6	
1552	45,1	
1553	49,4	
1554	46,8	
1555	46,4	
1556	45,3	
1557	53,5	
1558	45,6	
1559	46,1	
1560	44,7	
1561	44,4	
1562	47,6	
1563	44,7	
1564	45,9	
1565	46,8	
1566	47,3	
1567	46,2	
1568	45,3	
1569	47,0	
1570	49,3	
1571	47,1	
1572	47,9	
1573	47,7	
1574	48,1	
1575	49,2	
1576	49,1	
1577	49,8	
1578	50,5	
1579	52,1	
1580	50,7	
1581	50,6	
1582	48,7	
1583	49,5	
1584	52,8	
1585	49,8	
1586	50,5	
1587	50,2	
1588	49,1	
1589	50,0	
1590	49,7	
1591	51,0	
1592	51,6	
1593	50,7	
1594	50,9	
1595	50,0	
1596	51,2	
1597	51,4	
1598	52,0	
1599	50,8	
1600	51,7	
1601	51,7	
1602	53,9	
1603	53,1	
1604	52,6	
1605	54,6	
1606	53,0	
1607	53,6	
1608	53,7	
1609	52,8	
1610	52,9	
1611	54,3	
1612	53,6	
1613	53,4	
1614	53,7	
1615	53,2	
1616	55,6	
1617	54,1	
1618	54,0	
1619	54,5	
1620	56,4	
1621	54,6	
1622	53,9	
1623	54,8	
1624	54,0	
1625	53,3	
1626	53,5	
1627	55,3	
1628	55,5	
1629	54,5	
1630	55,5	
1631	56,5	
1632	56,2	
1633	55,2	
1634	55,5	
1635	56,4	
1636	55,5	
1637	54,6	
1638	55,0	
1639	55,1	
1640	55,9	
1641	56,8	
1642	58,4	
1643	56,3	
1644	56,3	
1645	58,0	
1646	55,2	
1647	55,7	
1648	56,0	
1649	55,9	
1650	55,7	
1651	56,0	
1652	59,6	
1653	56,6	
1654	57,0	
1655	58,1	
1656	58,4	
1657	58,8	
1658	58,2	
1659	58,1	
1660	59,2	
1661	59,3	
1662	57,3	
1663	59,1	
1664	59,7	
1665	57,8	
1666	57,3	
1667	60,3	
1668	60,0	
1669	58,7	
1670	58,7	
1671	60,2	
1672	59,1	
1673	60,3	
1674	58,5	
1675	58,4	
1676	59,7	
1677	58,1	
1678	59,3	
1679	58,1	
1680	58,0	
1681	57,7	
1682	58,0	
1683	59,4	
1684	59,1	
1685	58,3	
1686	62,2	
1687	58,2	
1688	58,4	
1689	58,2	
1690	57,0	
1691	57,3	
1692	59,4	
1693	59,6	
1694	60,0	
1695	60,0	
1696	60,9	
1697	61,5	
1698	62,1	
1699	59,3	
1700	61,3	
1701	59,5	
1702	60,4	
1703	57,9	
1704	59,2	
1705	58,5	
1706	57,3	
1707	57,8	
1708	59,4	
1709	60,8	
1710	60,0	
1711	60,9	
1712	59,9	
1713	60,2	
1714	61,4	
1715	62,5	
1716	61,6	
1717	59,9	
1718	60,0	
1719	58,5	
1720	58,4	
1721	61,2	
1722	61,4	
1723	61,0	
1724	61,6	
1725	63,0	
1726	60,3	
1727	61,0	
1728	61,2	
1729	62,3	
1730	60,3	
1731	62,8	
1732	60,1	
1733	61,3	
1734	62,5	
1735	59,9	
1736	60,4	
1737	57,6	
1738	59,2	
1739	58,1	
1740	61,3	
1741	58,1	
1742	59,8	
1743	60,3	
1744	59,2	
1745	60,7	
1746	60,8	
1747	62,1	
1748	61,8	
1749	62,4	
1750	62,8	
1751	62,0	
1752	61,1	
1753	61,5	
1754	61,0	
1755	61,5	
1756	59,8	
1757	60,3	
1758	60,5	
1759	60,7	
1760	61,0	
1761	59,4	
1762	60,7	
1763	61,9	
1764	61,8	
1765	60,7	
1766	60,4	
1767	60,3	
1768	60,1	
1769	60,6	
1770	60,1	
1771	60,7	
1772	63,5	
1773	59,3	
1774	58,9	
1775	59,4	
1776	60,6	
1777	61,6	
1778	59,8	
1779	60,5	
1780	60,2	
1781	59,8	
1782	59,2	
1783	61,0	
1784	58,9	
1785	58,4	
1786	58,4	
1787	59,1	
1788	61,7	
1789	60,0	
1790	59,7	
1791	58,0	
1792	58,4	
1793	58,1	
1794	59,3	
1795	57,4	
1796	57,3	
1797	58,1	
1798	58,9	
1799	58,1	
1800	58,9	
1801	58,9	
1802	57,9	
1803	59,0	
1804	59,1	
1805	58,8	
1806	57,5	
1807	57,3	
1808	57,6	
1809	57,1	
1810	57,3	
1811	58,3	
1812	57,3	
1813	57,9	
1814	57,8	
1815	58,3	
1816	57,8	
1817	57,3	
1818	59,1	
1819	57,3	
1820	56,3	
1821	57,3	
1822	56,2	
1823	57,0	
1824	58,0	
1825	57,8	
1826	57,9	
1827	56,7	
1828	57,6	
1829	60,5	
1830	56,6	
1831	57,9	
1832	57,5	
1833	56,7	
1834	58,6	
1835	57,6	
1836	57,2	
1837	56,6	
1838	56,4	
1839	56,4	
1840	56,6	
1841	56,5	
1842	56,6	
1843	55,6	
1844	57,4	
1845	57,3	
1846	55,1	
1847	55,2	
1848	54,3	
1849	54,8	
1850	54,1	
1851	54,4	
1852	53,8	
1853	53,5	
1854	53,5	
1855	53,7	
1856	54,2	
1857	53,3	
1858	52,5	
1859	52,8	
1860	54,3	
1861	52,8	
1862	52,8	
1863	54,5	
1864	52,8	
1865	53,4	
1866	53,2	
1867	52,2	
1868	52,6	
1869	51,2	
1870	51,9	
1871	50,5	
1872	51,3	
1873	53,5	
1874	51,9	
1875	52,1	
1876	52,1	
1877	54,5	
1878	51,8	
1879	51,6	
1880	53,5	
1881	51,8	
1882	51,6	
1883	50,3	
1884	49,0	
1885	49,1	
1886	49,3	
1887	48,0	
1888	47,7	
1889	48,8	
1890	49,0	
1891	49,3	
1892	49,4	
1893	50,0	
1894	49,9	
1895	49,8	
1896	47,4	
1897	47,4	
1898	47,4	
1899	47,1	
1900	48,6	
1901	46,8	
1902	48,1	
1903	47,1	
1904	47,3	
1905	45,2	
1906	45,8	
1907	44,2	
1908	44,2	
1909	47,4	
1910	43,7	
1911	45,3	
1912	42,3	
1913	44,1	
1914	44,6	
1915	43,7	
1916	44,4	
1917	44,4	
1918	44,4	
1919	43,3	
1920	44,6	
1921	44,0	
1922	43,2	
1923	43,3	
1924	43,9	
1925	42,3	
1926	42,1	
1927	42,1	
1928	42,5	
1929	42,0	
1930	42,9	
1931	47,3	
1932	44,5	
1933	41,3	
1934	42,1	
1935	40,7	
1936	42,2	
1937	42,4	
1938	39,8	
1939	39,5	
1940	39,9	
1941	39,0	
1942	39,3	
1943	39,1	
1944	40,6	
1945	38,8	
1946	39,4	
1947	41,6	
1948	40,4	
1949	37,0	
1950	38,0	
1951	37,4	
1952	37,0	
1953	37,1	
1954	36,2	
1955	35,8	
1956	36,3	
1957	38,2	
1958	34,5	
1959	35,4	
1960	33,8	
1961	32,7	
1962	33,1	
1963	32,9	
1964	33,7	
1965	31,8	
1966	31,6	
1967	31,4	
1968	31,3	
1969	30,7	
1970	32,8	
1971	31,8	
1972	31,0	
1973	35,0	
1974	31,1	
1975	30,7	
1976	33,7	
1977	31,3	
1978	31,2	
1979	31,0	
1980	30,9	
1981	30,7	
1982	32,5	
1983	31,7	
1984	30,2	
1985	29,9	
1986	29,3	
1987	29,2	
1988	30,6	
1989	27,9	
1990	28,7	
1991	27,5	
1992	28,0	
1993	28,4	
1994	28,7	
1995	27,8	
1996	28,4	
1997	27,6	
1998	29,9	
1999	26,1	
2000	27,6	
2001	27,7	
2002	25,9	
2003	29,2	
2004	25,7	
2005	25,7	
2006	25,0	
2007	23,7	
2008	23,5	
2009	27,3	
2010	23,7	
2011	26,2	
2012	23,8	
2013	23,5	
2014	24,4	
2015	23,2	
2016	22,7	
2017	21,5	
2018	21,8	
2019	20,3	
2020	21,2	
2021	21,4	
2022	22,6	
2023	20,3	
2024	20,0	
2025	19,5	
2026	18,8	
2027	19,8	
2028	18,3	
2029	18,7	
2030	17,5	
2031	17,2	
2032	16,5	
2033	17,4	
2034	15,8	
2035	16,5	
2036	16,7	
2037	15,7	
2038	16,3	
2039	16,4	
2040	15,4	
2041	15,9	
2042	15,3	
2043	15,6	
2044	14,5	
2045	14,3	
2046	15,4	
2047	16,5	
2048	14,5	
2049	15,0	
2050	14,5	
2051	14,0	
2052	13,7	
2053	13,9	
2054	13,5	
2055	11,8	
2056	12,1	
2057	12,8	
2058	11,1	
2059	13,5	
2060	10,9	
2061	10,7	
2062	12,5	
2063	10,6	
2064	12,5	
2065	10,4	
2066	10,1	
2067	10,3	
2068	8,6	
2069	11,6	
2070	9,6	
2071	7,7	
2072	9,7	
2073	8,4	
2074	8,2	
2075	8,4	
2076	8,3	
2077	10,6	
2078	7,6	
2079	8,9	
2080	5,7	
2081	7,3	
2082	6,4	
2083	5,6	
2084	7,1	
2085	4,7	
2086	5,3	
2087	4,3	
2088	5,1	
2089	5,4	
2090	4,5	
2091	4,2	
2092	4,9	
2093	4,5	
2094	3,9	
2095	6,5	
2096	4,3	
2097	4,3	
2098	4,1	
2099	4,8	
2100	4,4	
2101	4,1	
2102	6,6	
2103	4,5	
2104	4,5	
2105	2,0	
2106	1,4	
2107	0,8	
2108	1,1	
2109	3,0	
2110	1,1	
2111	1,3	
2112	1,1	
2113	1,4	
2114	0,1	
2115	0,5	
2116	0,7	
2117	1,6	
2118	-0,7	
2119	1,3	
2120	-1,0	
2121	-1,2	
2122	-2,4	
2123	-1,4	
2124	-0,7	
2125	0,1	
2126	1,0	
2127	-0,2	
2128	-0,6	
2129	-0,6	
2130	-1,4	
2131	-1,8	
2132	1,2	
2133	-3,3	
2134	-1,7	
2135	-1,3	
2136	-1,3	
2137	-2,0	
2138	-2,8	
2139	-4,6	
2140	-3,5	
2141	-4,3	
2142	-4,3	
2143	-3,5	
2144	-4,4	
2145	-5,0	
2146	-5,4	
2147	-5,8	
2148	-5,9	
2149	-4,9	
2150	-6,3	
2151	-4,3	
2152	-5,7	
2153	-6,3	
2154	-7,0	
2155	-4,9	
2156	-6,6	
2157	-6,4	
2158	-6,4	
2159	-7,5	
2160	-8,4	
2161	-5,5	
2162	-6,1	
2163	-7,4	
2164	-7,8	
2165	-8,4	
2166	-8,2	
2167	-7,7	
2168	-7,0	
2169	-8,0	
2170	-8,4	
2171	-8,5	
2172	-9,3	
2173	-8,8	
2174	-6,3	
2175	-8,7	
2176	-9,1	
2177	-5,8	
2178	-9,4	
2179	-8,7	
2180	-8,8	
2181	-8,3	
2182	-9,4	
2183	-10,2	
2184	-9,7	
2185	-10,1	
2186	-11,2	
2187	-10,4	
2188	-11,9	
2189	-11,2	
2190	-12,0	
2191	-11,8	
2192	-11,3	
2193	-12,2	
2194	-11,9	
2195	-12,9	
2196	-11,8	
2197	-12,0	
2198	-13,0	
2199	-13,4	
2200	-13,1	
2201	-12,6	
2202	-12,9	
2203	-11,0	
2204	-12,1	
2205	-12,1	
2206	-12,4	
2207	-9,6	
2208	-12,7	
2209	-12,5	
2210	-11,7	
2211	-12,6	
2212	-10,4	
2213	-12,8	
2214	-13,9	
2215	-13,3	
2216	-13,5	
2217	-13,3	
2218	-13,3	
2219	-13,2	
2220	-11,5	
2221	-14,1	
2222	-15,0	
2223	-14,9	
2224	-13,6	
2225	-14,8	
2226	-15,2	
2227	-14,3	
2228	-14,5	
2229	-14,5	
2230	-13,3	
2231	-14,9	
2232	-14,4	
2233	-15,5	
2234	-15,2	
2235	-14,8	
2236	-12,2	
2237	-15,5	
2238	-15,6	
2239	-16,0	
2240	-15,8	
2241	-15,5	
2242	-15,4	
2243	-14,4	
2244	-16,6	
2245	-16,8	
2246	-17,8	
2247	-17,5	
2248	-18,0	
2249	-18,8	
2250	-18,8	
2251	-18,0	
2252	-18,9	
2253	-19,1	
2254	-18,1	
2255	-18,8	
2256	-19,4	
2257	-18,4	
2258	-17,1	
2259	-18,3	
2260	-16,4	
2261	-17,6	
2262	-17,2	
2263	-16,0	
2264	-17,0	
2265	-17,3	
2266	-16,8	
2267	-16,0	
2268	-17,1	
2269	-16,3	
2270	-17,2	
2271	-16,5	
2272	-16,6	
2273	-15,7	
2274	-16,9	
2275	-17,3	
2276	-17,4	
2277	-18,0	
2278	-17,0	
2279	-17,6	
2280	-18,6	
2281	-17,7	
2282	-16,6	
2283	-17,5	
2284	-18,3	
2285	-19,5	
2286	-19,3	
2287	-17,6	
2288	-18,5	
2289	-18,1	
2290	-17,4	
2291	-16,7	
2292	-19,0	
2293	-17,6	
2294	-18,7	
2295	-18,0	
2296	-17,2	
2297	-18,7	
2298	-17,8	
2299	-18,0	
2300	-18,8	
2301	-16,8	
2302	-16,4	
2303	-18,4	
2304	-18,4	
2305	-18,9	
2306	-19,1	
2307	-19,8	
2308	-20,2	
2309	-19,4	
2310	-19,6	
2311	-20,9	
2312	-18,2	
2313	-19,6	
2314	-19,3	
2315	-20,1	
2316	-19,7	
2317	-19,3	
2318	-18,6	
2319	-16,8	
2320	-17,8	
2321	-18,6	
2322	-17,7	
2323	-17,8	
2324	-17,2	
2325	-17,1	
2326	-16,9	
2327	-16,6	
2328	-17,4	
2329	-18,3	
2330	-18,3	
2331	-18,0	
2332	-18,4	
2333	-18,2	
2334	-17,8	
2335	-17,5	
2336	-16,7	
2337	-16,9	
2338	-16,4	
2339	-17,2	
2340	-15,8	
2341	-16,7	
2342	-17,1	
2343	-17,9	
2344	-15,5	
2345	-17,3	
2346	-18,2	
2347	-18,7	
2348	-16,9	
2349	-19,0	
2350	-19,8	
2351	-18,1	
2352	-18,7	
2353	-18,5	
2354	-18,1	
2355	-18,3	
2356	-19,2	
2357	-16,4	
2358	-18,3	
2359	-15,6	
2360	-18,8	
2361	-17,9	
2362	-17,9	
2363	-18,6	
2364	-16,7	
2365	-18,2	
2366	-19,1	
2367	-18,5	
2368	-19,4	
2369	-18,2	
2370	-17,3	
2371	-19,0	
2372	-19,3	
2373	-18,2	
2374	-17,6	
2375	-18,2	
2376	-18,8	
2377	-18,3	
2378	-18,4	
2379	-17,1	
2380	-17,0	
2381	-17,9	
2382	-17,7	
2383	-16,8	
2384	-16,3	
2385	-16,7	
2386	-16,2	
2387	-17,2	
2388	-12,4	
2389	-16,2	
2390	-17,0	
2391	-16,3	
2392	-16,6	
2393	-15,6	
2394	-16,1	
2395	-15,6	
2396	-16,7	
2397	-15,5	
2398	-16,4	
2399	-15,8	
2400	-16,0	
2401	-15,6	
2402	-16,3	
2403	-17,0	
2404	-16,3	
2405	-16,4	
2406	-15,8	
2407	-16,7	
2408	-16,1	
2409	-15,2	
2410	-16,4	
2411	-16,4	
2412	-16,0	
2413	-11,5	
2414	-17,1	
2415	-16,9	
2416	-16,8	
2417	-15,6	
2418	-13,5	
2419	-15,5	
2420	-17,2	
2421	-17,5	
2422	-16,8	
2423	-15,4	
2424	-17,5	
2425	-17,5	
2426	-17,5	
2427	-16,8	
2428	-15,6	
2429	-15,9	
2430	-16,5	
2431	-15,8	
2432	-15,2	
2433	-15,9	
2434	-14,7	
2435	-14,9	
2436	-15,0	
2437	-14,7	
2438	-14,0	
2439	-14,3	
2440	-14,0	
2441	-14,3	
2442	-15,0	
2443	-14,9	
2444	-14,0	
2445	-14,4	
2446	-14,6	
2447	-14,3	
2448	-13,4	
2449	-12,8	
2450	-14,4	
2451	-15,1	
2452	-14,1	
2453	-15,0	
2454	-15,2	
2455	-13,2	
2456	-15,5	
2457	-14,2	
2458	-13,8	
2459	-12,4	
2460	-13,9	
2461	-13,0	
2462	-13,5	
2463	-12,5	
2464	-12,6	
2465	-9,5	
2466	-12,3	
2467	-12,0	
2468	-13,3	
2469	-13,0	
2470	-11,6	
2471	-12,7	
2472	-12,8	
2473	-13,5	
2474	-13,3	
2475	-12,1	
2476	-12,1	
2477	-13,4	
2478	-13,5	
2479	-11,9	
2480	-12,2	
2481	-13,8	
2482	-14,4	
2483	-13,5	
2484	-14,0	
2485	-13,8	
2486	-11,7	
2487	-12,2	
2488	-11,7	
2489	-11,4	
2490	-12,9	
2491	-12,5	
2492	-12,4	
2493	-12,6	
2494	-11,6	
2495	-9,6	
2496	-10,6	
2497	-11,0	
2498	-11,4	
2499	-10,5	
2500	-10,9	
2501	-11,1	
2502	-9,8	
2503	-10,7	
2504	-9,8	
2505	-10,7	
2506	-10,9	
2507	-11,7	
2508	-11,4	
2509	-11,9	
2510	-11,4	
2511	-12,3	
2512	-10,5	
2513	-8,9	
2514	-11,8	
2515	-10,0	
2516	-11,0	
2517	-9,3	
2518	-9,7	
2519	-7,3	
2520	-7,3	
2521	-8,5	
2522	-7,8	
2523	-8,2	
2524	-6,6	
2525	-6,7	
2526	-7,7	
2527	-6,9	
2528	-8,0	
2529	-8,3	
2530	-7,3	
2531	-7,8	
2532	-7,7	
2533	-8,8	
2534	-8,3	
2535	-7,7	
2536	-8,6	
2537	-8,5	
2538	-8,1	
2539	-8,8	
2540	-8,7	
2541	-8,2	
2542	-8,1	
2543	-7,6	
2544	-8,4	
2545	-7,8	
2546	-7,2	
2547	-7,3	
2548	-7,4	
2549	-7,0	
2550	-6,7	
2551	-5,4	
2552	-7,1	
2553	-7,2	
2554	-6,6	
2555	-4,9	
2556	-5,6	
2557	-5,6	
2558	-4,8	
2559	-6,2	
2560	-5,3	
2561	-6,0	
2562	-4,9	
2563	-5,0	
2564	-6,0	
2565	-5,7	
2566	-5,1	
2567	-6,0	
2568	-6,0	
2569	-6,0	
2570	-5,0	
2571	-5,0	
2572	-1,4	
2573	-5,3	
2574	-5,7	
2575	-4,6	
2576	-4,1	
2577	-4,2	
2578	-4,7	
2579	-4,7	
2580	-2,8	
2581	-4,2	
2582	-4,2	
2583	-1,6	
2584	-3,9	
2585	-4,0	
2586	-4,4	
2587	-5,2	
2588	-4,5	
2589	-4,4	
2590	-4,1	
