[HEADER]
H01=项目编号:
H02=项目注释:
H03=用户:
H04=测量日期:	21.04.2023
H05=测量时间:	16:12:22
H06=文件名称:	C:\Users\Test-02\Desktop\421HF\12右\file_01.dat
H07=车厢号码:
H08=轮副:
H09=轨道基本间距:	0
H10=轨迹偏移:	0
H11=测量点数:	2592
H12=测量:	好
H14=轮子:	L
H13=扩展注释:
[MeasurementData]
[mm] [µm]
0	0,0	
1	1,0	
2	-1,0	
3	-0,1	
4	-0,1	
5	-1,3	
6	-1,5	
7	-1,7	
8	-0,8	
9	-0,8	
10	0,8	
11	-0,8	
12	1,6	
13	1,6	
14	1,4	
15	1,2	
16	0,1	
17	2,1	
18	1,8	
19	2,6	
20	1,2	
21	1,9	
22	3,5	
23	1,4	
24	1,9	
25	2,7	
26	2,9	
27	2,1	
28	1,6	
29	3,0	
30	3,2	
31	2,0	
32	2,0	
33	2,0	
34	1,7	
35	2,5	
36	3,0	
37	3,5	
38	2,9	
39	4,3	
40	4,2	
41	5,0	
42	2,9	
43	3,7	
44	6,2	
45	5,1	
46	5,0	
47	5,9	
48	4,3	
49	4,5	
50	4,1	
51	4,8	
52	5,2	
53	5,4	
54	4,9	
55	4,7	
56	4,5	
57	4,4	
58	3,9	
59	3,5	
60	4,8	
61	3,9	
62	2,8	
63	5,1	
64	3,9	
65	3,8	
66	3,2	
67	3,1	
68	4,8	
69	4,5	
70	6,1	
71	5,5	
72	6,7	
73	7,8	
74	6,5	
75	5,7	
76	7,4	
77	7,7	
78	7,1	
79	6,2	
80	7,4	
81	6,9	
82	7,0	
83	7,9	
84	10,6	
85	7,7	
86	8,5	
87	8,9	
88	7,2	
89	7,4	
90	8,4	
91	8,0	
92	6,4	
93	8,3	
94	8,7	
95	6,9	
96	6,5	
97	8,3	
98	6,7	
99	7,2	
100	7,5	
101	9,0	
102	7,8	
103	8,1	
104	7,5	
105	7,6	
106	8,6	
107	5,9	
108	7,7	
109	7,2	
110	7,2	
111	7,3	
112	7,6	
113	6,5	
114	6,2	
115	7,2	
116	6,8	
117	5,6	
118	5,6	
119	7,3	
120	6,5	
121	5,7	
122	8,4	
123	5,9	
124	5,8	
125	7,0	
126	7,9	
127	5,5	
128	7,4	
129	9,2	
130	7,7	
131	7,0	
132	6,5	
133	6,0	
134	7,8	
135	9,4	
136	8,1	
137	6,9	
138	7,2	
139	7,7	
140	7,7	
141	8,3	
142	8,9	
143	11,4	
144	9,5	
145	8,2	
146	6,3	
147	7,2	
148	7,9	
149	7,3	
150	7,6	
151	8,2	
152	7,1	
153	7,8	
154	8,6	
155	8,7	
156	9,3	
157	8,6	
158	8,4	
159	10,8	
160	9,4	
161	9,0	
162	11,2	
163	9,3	
164	12,4	
165	10,2	
166	11,2	
167	11,1	
168	10,4	
169	10,0	
170	10,6	
171	8,7	
172	9,2	
173	9,0	
174	7,6	
175	5,8	
176	6,1	
177	8,1	
178	6,4	
179	5,9	
180	5,0	
181	5,1	
182	6,1	
183	6,6	
184	6,8	
185	7,6	
186	6,6	
187	5,3	
188	6,7	
189	6,8	
190	5,3	
191	5,7	
192	6,6	
193	6,4	
194	9,8	
195	8,1	
196	8,7	
197	8,1	
198	7,9	
199	8,0	
200	8,9	
201	8,0	
202	6,2	
203	6,1	
204	5,2	
205	6,6	
206	4,9	
207	4,9	
208	3,8	
209	5,0	
210	5,3	
211	4,1	
212	4,5	
213	4,9	
214	5,7	
215	5,3	
216	7,8	
217	7,2	
218	6,9	
219	5,8	
220	7,2	
221	8,4	
222	5,9	
223	8,4	
224	5,6	
225	8,7	
226	6,5	
227	6,4	
228	6,4	
229	7,8	
230	7,4	
231	8,2	
232	8,2	
233	6,2	
234	5,9	
235	5,9	
236	6,3	
237	4,2	
238	5,3	
239	6,9	
240	4,8	
241	4,7	
242	4,1	
243	4,2	
244	5,5	
245	5,3	
246	6,6	
247	7,2	
248	9,4	
249	5,8	
250	6,2	
251	7,3	
252	6,4	
253	7,3	
254	7,0	
255	6,4	
256	6,9	
257	6,3	
258	5,7	
259	7,1	
260	6,1	
261	5,6	
262	7,0	
263	6,1	
264	4,6	
265	4,8	
266	4,1	
267	5,6	
268	4,0	
269	5,6	
270	4,7	
271	5,1	
272	4,3	
273	4,9	
274	4,5	
275	4,4	
276	6,0	
277	6,1	
278	5,4	
279	5,3	
280	6,5	
281	6,3	
282	7,1	
283	5,4	
284	6,2	
285	6,5	
286	4,8	
287	6,6	
288	5,4	
289	5,5	
290	3,9	
291	5,9	
292	3,1	
293	5,0	
294	2,7	
295	2,4	
296	4,3	
297	2,8	
298	3,9	
299	3,5	
300	4,6	
301	4,4	
302	4,9	
303	6,8	
304	6,0	
305	6,0	
306	9,5	
307	6,8	
308	6,4	
309	8,1	
310	6,3	
311	8,0	
312	6,3	
313	7,0	
314	6,1	
315	7,5	
316	6,2	
317	6,1	
318	6,2	
319	7,5	
320	6,3	
321	6,2	
322	5,8	
323	5,4	
324	3,9	
325	3,6	
326	4,1	
327	5,5	
328	4,6	
329	5,9	
330	5,1	
331	5,8	
332	5,4	
333	5,5	
334	5,3	
335	4,9	
336	4,8	
337	5,7	
338	5,4	
339	6,9	
340	4,4	
341	5,2	
342	5,5	
343	5,6	
344	3,5	
345	3,6	
346	3,4	
347	4,1	
348	3,7	
349	3,5	
350	2,9	
351	6,4	
352	3,5	
353	2,3	
354	2,1	
355	3,6	
356	2,0	
357	2,6	
358	2,7	
359	3,2	
360	4,5	
361	2,7	
362	2,4	
363	3,5	
364	2,8	
365	4,0	
366	3,5	
367	4,6	
368	3,3	
369	3,8	
370	3,3	
371	3,7	
372	3,6	
373	2,7	
374	2,6	
375	2,7	
376	3,5	
377	5,1	
378	3,0	
379	2,0	
380	1,2	
381	1,4	
382	0,2	
383	2,6	
384	3,0	
385	0,5	
386	1,3	
387	2,1	
388	1,4	
389	1,9	
390	3,4	
391	5,0	
392	3,9	
393	2,8	
394	3,7	
395	3,7	
396	4,1	
397	3,9	
398	5,0	
399	4,6	
400	3,5	
401	4,5	
402	3,7	
403	4,9	
404	3,2	
405	3,8	
406	3,2	
407	5,8	
408	3,7	
409	1,4	
410	1,6	
411	4,5	
412	2,4	
413	1,4	
414	0,2	
415	0,5	
416	2,7	
417	1,8	
418	1,2	
419	0,2	
420	1,1	
421	1,6	
422	3,7	
423	2,6	
424	1,9	
425	2,8	
426	2,7	
427	2,3	
428	1,7	
429	2,7	
430	2,4	
431	2,8	
432	1,8	
433	2,4	
434	1,9	
435	1,4	
436	-0,3	
437	-0,1	
438	0,1	
439	1,4	
440	-1,5	
441	-1,4	
442	0,5	
443	-1,2	
444	-1,6	
445	2,4	
446	0,7	
447	-0,6	
448	1,5	
449	0,0	
450	-1,0	
451	0,7	
452	-1,0	
453	-1,6	
454	-0,2	
455	0,0	
456	-1,0	
457	-1,0	
458	-0,9	
459	-0,4	
460	-0,4	
461	1,3	
462	1,3	
463	-0,6	
464	-1,1	
465	-2,1	
466	-3,3	
467	-3,8	
468	-3,0	
469	-2,1	
470	-4,5	
471	-3,9	
472	-2,6	
473	-3,9	
474	-2,7	
475	-4,5	
476	-4,3	
477	-3,8	
478	-3,2	
479	0,2	
480	0,4	
481	-3,1	
482	-2,0	
483	-3,1	
484	-3,8	
485	-3,4	
486	0,0	
487	-4,3	
488	-2,5	
489	-3,9	
490	-2,5	
491	-3,4	
492	-2,2	
493	-2,3	
494	-0,9	
495	-1,6	
496	-4,0	
497	-4,4	
498	-1,6	
499	-2,9	
500	-4,0	
501	-3,8	
502	-0,4	
503	-5,2	
504	-4,4	
505	-3,9	
506	-3,5	
507	-1,2	
508	-3,0	
509	-3,4	
510	-3,7	
511	-5,3	
512	-4,0	
513	-6,1	
514	-1,8	
515	-4,4	
516	-5,0	
517	-5,3	
518	-5,8	
519	-4,1	
520	-5,2	
521	-4,6	
522	-5,6	
523	-6,2	
524	-6,7	
525	-5,6	
526	-6,8	
527	-6,6	
528	-6,8	
529	-8,4	
530	-9,0	
531	-8,4	
532	-7,0	
533	-7,4	
534	-5,2	
535	-7,2	
536	-8,0	
537	-7,2	
538	-7,7	
539	-8,7	
540	-7,6	
541	-9,2	
542	-8,8	
543	-9,0	
544	-9,4	
545	-8,4	
546	-9,7	
547	-10,4	
548	-10,2	
549	-8,7	
550	-11,1	
551	-9,0	
552	-11,1	
553	-12,1	
554	-10,7	
555	-12,6	
556	-12,2	
557	-12,9	
558	-11,5	
559	-12,7	
560	-12,7	
561	-9,4	
562	-11,6	
563	-10,5	
564	-8,2	
565	-11,1	
566	-11,3	
567	-11,1	
568	-11,0	
569	-12,2	
570	-11,2	
571	-11,5	
572	-12,7	
573	-12,2	
574	-12,9	
575	-12,1	
576	-11,7	
577	-13,5	
578	-12,7	
579	-13,6	
580	-11,5	
581	-13,7	
582	-13,8	
583	-15,3	
584	-16,2	
585	-15,0	
586	-17,6	
587	-17,2	
588	-15,6	
589	-18,2	
590	-16,7	
591	-16,9	
592	-13,8	
593	-15,0	
594	-16,0	
595	-16,0	
596	-15,7	
597	-15,1	
598	-14,5	
599	-15,8	
600	-15,9	
601	-16,1	
602	-15,5	
603	-14,7	
604	-15,1	
605	-14,8	
606	-13,4	
607	-13,7	
608	-14,9	
609	-15,0	
610	-10,7	
611	-17,2	
612	-17,4	
613	-16,7	
614	-17,2	
615	-18,8	
616	-18,0	
617	-17,7	
618	-15,4	
619	-16,7	
620	-16,5	
621	-13,7	
622	-15,8	
623	-13,7	
624	-16,6	
625	-17,1	
626	-17,0	
627	-17,0	
628	-17,2	
629	-17,1	
630	-16,8	
631	-17,9	
632	-17,6	
633	-16,1	
634	-17,9	
635	-17,2	
636	-18,5	
637	-18,8	
638	-19,5	
639	-17,9	
640	-19,2	
641	-18,7	
642	-19,0	
643	-18,2	
644	-18,5	
645	-19,7	
646	-19,5	
647	-19,1	
648	-19,9	
649	-21,1	
650	-20,0	
651	-20,4	
652	-19,7	
653	-19,7	
654	-18,5	
655	-20,0	
656	-20,2	
657	-19,6	
658	-21,0	
659	-21,3	
660	-20,9	
661	-19,7	
662	-21,0	
663	-18,0	
664	-21,3	
665	-21,6	
666	-21,6	
667	-22,0	
668	-22,8	
669	-23,8	
670	-24,1	
671	-25,0	
672	-24,9	
673	-23,1	
674	-22,9	
675	-23,4	
676	-22,7	
677	-23,6	
678	-22,6	
679	-23,6	
680	-22,9	
681	-23,7	
682	-23,5	
683	-23,0	
684	-23,8	
685	-23,5	
686	-23,9	
687	-23,5	
688	-22,8	
689	-24,0	
690	-24,5	
691	-23,1	
692	-21,8	
693	-24,0	
694	-25,3	
695	-24,9	
696	-25,2	
697	-25,6	
698	-24,5	
699	-24,0	
700	-23,6	
701	-25,6	
702	-26,9	
703	-25,7	
704	-26,7	
705	-26,3	
706	-24,2	
707	-26,1	
708	-26,6	
709	-25,8	
710	-25,7	
711	-24,8	
712	-25,0	
713	-24,6	
714	-24,7	
715	-25,7	
716	-24,1	
717	-25,5	
718	-24,6	
719	-26,0	
720	-26,4	
721	-27,5	
722	-21,1	
723	-27,9	
724	-26,7	
725	-26,6	
726	-26,9	
727	-28,5	
728	-29,6	
729	-29,7	
730	-29,4	
731	-29,1	
732	-29,5	
733	-29,3	
734	-28,0	
735	-28,3	
736	-27,1	
737	-25,9	
738	-26,9	
739	-28,3	
740	-26,9	
741	-28,7	
742	-29,7	
743	-29,6	
744	-30,2	
745	-28,3	
746	-28,6	
747	-29,2	
748	-29,7	
749	-28,4	
750	-29,1	
751	-29,5	
752	-29,4	
753	-28,9	
754	-28,5	
755	-29,1	
756	-27,1	
757	-30,3	
758	-30,2	
759	-31,3	
760	-31,6	
761	-31,2	
762	-31,1	
763	-30,4	
764	-29,4	
765	-30,9	
766	-28,8	
767	-29,3	
768	-28,5	
769	-28,5	
770	-28,4	
771	-29,0	
772	-29,0	
773	-28,6	
774	-28,0	
775	-27,6	
776	-28,6	
777	-29,6	
778	-27,5	
779	-30,4	
780	-30,3	
781	-30,5	
782	-30,7	
783	-29,7	
784	-31,4	
785	-30,6	
786	-30,4	
787	-31,0	
788	-21,6	
789	-31,4	
790	-31,0	
791	-30,3	
792	-27,3	
793	-29,3	
794	-29,6	
795	-29,6	
796	-30,8	
797	-29,0	
798	-30,7	
799	-30,3	
800	-32,2	
801	-32,0	
802	-31,6	
803	-31,2	
804	-30,7	
805	-30,9	
806	-32,0	
807	-32,1	
808	-31,6	
809	-32,1	
810	-32,4	
811	-32,3	
812	-31,4	
813	-32,8	
814	-33,2	
815	-32,8	
816	-33,9	
817	-33,1	
818	-34,4	
819	-33,8	
820	-33,9	
821	-33,3	
822	-33,7	
823	-34,9	
824	-32,0	
825	-34,3	
826	-33,3	
827	-33,3	
828	-32,4	
829	-33,3	
830	-30,7	
831	-31,9	
832	-32,8	
833	-31,5	
834	-34,0	
835	-33,7	
836	-33,7	
837	-34,6	
838	-32,8	
839	-34,7	
840	-32,4	
841	-32,8	
842	-35,4	
843	-34,7	
844	-34,1	
845	-33,5	
846	-34,4	
847	-34,2	
848	-33,9	
849	-34,3	
850	-34,2	
851	-34,0	
852	-34,2	
853	-32,6	
854	-34,3	
855	-33,3	
856	-33,5	
857	-33,2	
858	-32,2	
859	-33,7	
860	-33,7	
861	-30,8	
862	-31,8	
863	-33,2	
864	-33,9	
865	-33,8	
866	-33,5	
867	-33,6	
868	-33,8	
869	-32,9	
870	-34,4	
871	-32,9	
872	-34,2	
873	-34,3	
874	-34,8	
875	-34,1	
876	-34,9	
877	-34,5	
878	-34,4	
879	-33,0	
880	-24,6	
881	-25,5	
882	-23,3	
883	-25,5	
884	-32,1	
885	-30,3	
886	-33,4	
887	-33,2	
888	-32,1	
889	-32,1	
890	-32,3	
891	-32,6	
892	-32,5	
893	-32,8	
894	-30,8	
895	-33,1	
896	-33,9	
897	-32,7	
898	-34,6	
899	-34,3	
900	-34,5	
901	-34,0	
902	-34,0	
903	-31,3	
904	-32,9	
905	-32,7	
906	-31,3	
907	-32,0	
908	-32,7	
909	-31,9	
910	-32,1	
911	-32,2	
912	-29,8	
913	-30,3	
914	-31,2	
915	-31,4	
916	-31,6	
917	-32,5	
918	-29,6	
919	-30,9	
920	-31,4	
921	-31,4	
922	-30,9	
923	-31,8	
924	-30,7	
925	-27,3	
926	-32,3	
927	-31,6	
928	-32,1	
929	-32,9	
930	-31,0	
931	-31,6	
932	-31,3	
933	-31,2	
934	-30,7	
935	-29,0	
936	-31,8	
937	-30,8	
938	-28,8	
939	-31,2	
940	-31,7	
941	-31,0	
942	-30,1	
943	-28,8	
944	-30,7	
945	-28,3	
946	-29,6	
947	-31,3	
948	-32,7	
949	-32,9	
950	-32,7	
951	-33,5	
952	-32,5	
953	-31,8	
954	-33,1	
955	-32,9	
956	-29,9	
957	-34,1	
958	-34,1	
959	-31,3	
960	-30,3	
961	-32,9	
962	-32,2	
963	-32,6	
964	-30,1	
965	-30,6	
966	-29,5	
967	-29,6	
968	-30,5	
969	-31,4	
970	-31,6	
971	-31,2	
972	-31,2	
973	-30,8	
974	-31,8	
975	-27,9	
976	-30,2	
977	-30,8	
978	-30,5	
979	-31,3	
980	-29,7	
981	-29,4	
982	-28,6	
983	-32,0	
984	-32,2	
985	-30,0	
986	-30,3	
987	-31,1	
988	-28,4	
989	-32,9	
990	-31,6	
991	-33,4	
992	-31,8	
993	-30,7	
994	-30,8	
995	-32,3	
996	-27,9	
997	-30,9	
998	-30,7	
999	-31,2	
1000	-31,4	
1001	-30,8	
1002	-30,5	
1003	-28,6	
1004	-30,5	
1005	-28,8	
1006	-28,8	
1007	-30,2	
1008	-29,0	
1009	-28,1	
1010	-28,0	
1011	-28,8	
1012	-30,7	
1013	-29,7	
1014	-30,3	
1015	-31,1	
1016	-30,6	
1017	-30,6	
1018	-26,9	
1019	-29,9	
1020	-28,9	
1021	-27,6	
1022	-27,5	
1023	-28,4	
1024	-28,3	
1025	-28,0	
1026	-28,4	
1027	-28,9	
1028	-28,3	
1029	-28,5	
1030	-26,8	
1031	-28,0	
1032	-27,9	
1033	-28,7	
1034	-28,8	
1035	-29,3	
1036	-29,8	
1037	-29,8	
1038	-28,4	
1039	-25,2	
1040	-27,9	
1041	-28,5	
1042	-28,3	
1043	-26,4	
1044	-28,5	
1045	-29,0	
1046	-29,0	
1047	-27,2	
1048	-29,3	
1049	-29,3	
1050	-28,8	
1051	-28,1	
1052	-25,1	
1053	-25,8	
1054	-25,4	
1055	-24,4	
1056	-27,3	
1057	-26,0	
1058	-27,5	
1059	-27,4	
1060	-26,9	
1061	-26,4	
1062	-25,8	
1063	-24,7	
1064	-22,0	
1065	-24,8	
1066	-24,7	
1067	-23,8	
1068	-25,3	
1069	-26,3	
1070	-25,9	
1071	-26,2	
1072	-27,2	
1073	-26,1	
1074	-26,3	
1075	-26,1	
1076	-24,3	
1077	-20,7	
1078	-23,3	
1079	-24,2	
1080	-23,5	
1081	-22,2	
1082	-23,1	
1083	-21,9	
1084	-23,0	
1085	-23,7	
1086	-24,2	
1087	-20,1	
1088	-22,1	
1089	-22,7	
1090	-22,1	
1091	-21,7	
1092	-23,1	
1093	-23,3	
1094	-22,6	
1095	-21,9	
1096	-23,5	
1097	-23,4	
1098	-22,6	
1099	-24,7	
1100	-23,5	
1101	-21,6	
1102	-21,5	
1103	-22,8	
1104	-22,5	
1105	-22,9	
1106	-22,8	
1107	-23,2	
1108	-22,1	
1109	-21,3	
1110	-22,3	
1111	-22,4	
1112	-22,4	
1113	-19,6	
1114	-21,7	
1115	-21,2	
1116	-20,6	
1117	-21,7	
1118	-21,8	
1119	-21,6	
1120	-21,3	
1121	-21,1	
1122	-20,8	
1123	-21,4	
1124	-20,7	
1125	-21,5	
1126	-21,4	
1127	-21,2	
1128	-23,1	
1129	-21,7	
1130	-22,5	
1131	-21,5	
1132	-19,2	
1133	-22,1	
1134	-20,9	
1135	-20,4	
1136	-18,8	
1137	-20,6	
1138	-18,7	
1139	-19,8	
1140	-19,5	
1141	-18,7	
1142	-18,6	
1143	-15,7	
1144	-17,1	
1145	-15,9	
1146	-10,7	
1147	-18,4	
1148	-19,0	
1149	-16,9	
1150	-17,5	
1151	-17,2	
1152	-16,0	
1153	-14,0	
1154	-13,0	
1155	-14,9	
1156	-15,6	
1157	-14,8	
1158	-15,2	
1159	-15,3	
1160	-14,5	
1161	-15,5	
1162	-15,0	
1163	-14,4	
1164	-15,3	
1165	-13,1	
1166	-11,2	
1167	-13,0	
1168	-13,8	
1169	-12,4	
1170	-13,3	
1171	-12,4	
1172	-12,4	
1173	-13,0	
1174	-12,8	
1175	-11,6	
1176	-10,8	
1177	-12,4	
1178	-11,7	
1179	-10,3	
1180	-11,4	
1181	-12,4	
1182	-12,3	
1183	-12,4	
1184	-11,9	
1185	-11,9	
1186	-12,6	
1187	-13,5	
1188	-12,2	
1189	-11,0	
1190	-11,5	
1191	-12,1	
1192	-11,3	
1193	-10,0	
1194	-9,0	
1195	-10,2	
1196	-9,9	
1197	-9,1	
1198	-6,9	
1199	-9,4	
1200	-9,4	
1201	-6,5	
1202	-9,1	
1203	-9,2	
1204	-9,2	
1205	-7,2	
1206	-7,6	
1207	-8,0	
1208	-5,1	
1209	-8,1	
1210	-8,1	
1211	-6,9	
1212	-5,2	
1213	-8,4	
1214	-8,1	
1215	-8,0	
1216	-8,4	
1217	-6,2	
1218	-7,4	
1219	-6,2	
1220	-6,6	
1221	-3,7	
1222	-3,0	
1223	-5,7	
1224	-5,4	
1225	-5,4	
1226	-4,9	
1227	-5,7	
1228	-5,9	
1229	-5,6	
1230	-5,1	
1231	-3,4	
1232	-3,8	
1233	-3,2	
1234	-4,6	
1235	-4,9	
1236	-4,8	
1237	2,9	
1238	-5,9	
1239	-3,9	
1240	-6,0	
1241	-4,3	
1242	-4,7	
1243	-5,0	
1244	-4,8	
1245	-3,6	
1246	-4,9	
1247	-4,2	
1248	-3,3	
1249	-1,9	
1250	0,7	
1251	-1,4	
1252	-1,2	
1253	-0,4	
1254	-0,9	
1255	0,7	
1256	0,9	
1257	0,6	
1258	0,3	
1259	1,4	
1260	-0,1	
1261	-0,5	
1262	0,3	
1263	0,1	
1264	-0,8	
1265	0,2	
1266	-0,3	
1267	-0,3	
1268	1,2	
1269	-0,3	
1270	0,7	
1271	0,6	
1272	0,5	
1273	2,1	
1274	2,3	
1275	2,0	
1276	1,6	
1277	2,1	
1278	1,5	
1279	2,0	
1280	1,4	
1281	2,9	
1282	8,1	
1283	2,2	
1284	2,9	
1285	3,6	
1286	3,8	
1287	4,0	
1288	4,9	
1289	3,9	
1290	4,5	
1291	4,0	
1292	4,4	
1293	5,1	
1294	6,0	
1295	4,2	
1296	4,3	
1297	3,1	
1298	5,1	
1299	2,7	
1300	2,7	
1301	3,5	
1302	4,7	
1303	6,0	
1304	4,7	
1305	4,6	
1306	5,1	
1307	7,4	
1308	5,7	
1309	7,1	
1310	8,1	
1311	7,4	
1312	8,9	
1313	9,1	
1314	7,0	
1315	6,8	
1316	7,5	
1317	8,1	
1318	8,3	
1319	10,4	
1320	7,9	
1321	9,1	
1322	10,3	
1323	8,2	
1324	8,6	
1325	8,3	
1326	9,0	
1327	8,5	
1328	8,7	
1329	8,4	
1330	9,3	
1331	9,1	
1332	10,4	
1333	7,5	
1334	7,3	
1335	11,2	
1336	9,5	
1337	7,2	
1338	8,5	
1339	8,2	
1340	9,2	
1341	12,5	
1342	10,2	
1343	11,4	
1344	11,4	
1345	10,5	
1346	11,3	
1347	11,7	
1348	11,5	
1349	12,0	
1350	13,2	
1351	12,8	
1352	14,9	
1353	14,1	
1354	13,4	
1355	14,2	
1356	13,1	
1357	13,0	
1358	12,9	
1359	12,4	
1360	12,9	
1361	12,4	
1362	12,6	
1363	14,0	
1364	14,0	
1365	15,3	
1366	14,6	
1367	14,8	
1368	14,7	
1369	16,1	
1370	14,9	
1371	15,5	
1372	15,9	
1373	15,8	
1374	14,5	
1375	14,8	
1376	14,3	
1377	16,5	
1378	15,8	
1379	17,2	
1380	18,4	
1381	17,3	
1382	15,9	
1383	17,9	
1384	16,5	
1385	15,7	
1386	16,1	
1387	16,6	
1388	17,8	
1389	16,1	
1390	18,0	
1391	16,3	
1392	16,7	
1393	17,9	
1394	16,8	
1395	16,9	
1396	17,4	
1397	17,3	
1398	18,0	
1399	18,4	
1400	18,0	
1401	19,1	
1402	18,6	
1403	20,2	
1404	19,7	
1405	20,8	
1406	21,1	
1407	21,5	
1408	21,3	
1409	23,3	
1410	20,9	
1411	23,7	
1412	21,0	
1413	20,5	
1414	20,7	
1415	21,1	
1416	21,0	
1417	20,9	
1418	22,7	
1419	20,8	
1420	21,3	
1421	21,8	
1422	22,0	
1423	24,2	
1424	22,2	
1425	23,2	
1426	20,8	
1427	22,5	
1428	20,5	
1429	20,8	
1430	20,9	
1431	22,1	
1432	22,7	
1433	22,5	
1434	23,8	
1435	22,1	
1436	22,8	
1437	26,8	
1438	22,7	
1439	22,7	
1440	23,6	
1441	26,4	
1442	24,0	
1443	22,9	
1444	23,5	
1445	24,6	
1446	24,0	
1447	24,7	
1448	26,4	
1449	24,4	
1450	25,0	
1451	25,3	
1452	25,2	
1453	24,7	
1454	24,5	
1455	24,8	
1456	24,9	
1457	25,7	
1458	27,2	
1459	26,5	
1460	26,7	
1461	27,4	
1462	26,9	
1463	27,3	
1464	28,3	
1465	28,5	
1466	27,6	
1467	28,3	
1468	28,0	
1469	28,2	
1470	28,8	
1471	28,5	
1472	27,0	
1473	27,7	
1474	27,6	
1475	28,5	
1476	28,0	
1477	27,9	
1478	28,6	
1479	28,5	
1480	29,2	
1481	28,2	
1482	29,3	
1483	30,5	
1484	30,4	
1485	29,7	
1486	30,1	
1487	30,3	
1488	30,1	
1489	29,9	
1490	30,2	
1491	30,8	
1492	30,1	
1493	30,5	
1494	29,8	
1495	30,9	
1496	29,7	
1497	30,3	
1498	31,2	
1499	30,5	
1500	30,4	
1501	32,2	
1502	31,7	
1503	32,4	
1504	34,8	
1505	30,9	
1506	30,8	
1507	31,2	
1508	30,9	
1509	31,5	
1510	37,0	
1511	33,1	
1512	33,0	
1513	33,8	
1514	32,3	
1515	33,6	
1516	32,2	
1517	32,6	
1518	33,9	
1519	34,2	
1520	33,8	
1521	34,5	
1522	35,8	
1523	35,1	
1524	34,7	
1525	36,6	
1526	34,9	
1527	34,8	
1528	34,0	
1529	34,2	
1530	33,9	
1531	33,2	
1532	32,6	
1533	33,5	
1534	37,6	
1535	36,9	
1536	35,0	
1537	36,1	
1538	37,0	
1539	36,9	
1540	37,1	
1541	36,8	
1542	35,3	
1543	36,6	
1544	36,0	
1545	38,6	
1546	38,4	
1547	38,3	
1548	38,7	
1549	39,3	
1550	39,2	
1551	39,7	
1552	39,1	
1553	39,4	
1554	38,8	
1555	39,3	
1556	38,9	
1557	38,7	
1558	39,2	
1559	38,8	
1560	41,1	
1561	41,3	
1562	40,9	
1563	41,8	
1564	39,2	
1565	42,5	
1566	39,0	
1567	39,1	
1568	40,1	
1569	40,5	
1570	39,7	
1571	42,4	
1572	41,5	
1573	42,6	
1574	41,4	
1575	44,1	
1576	42,8	
1577	43,6	
1578	43,3	
1579	46,5	
1580	44,8	
1581	44,6	
1582	43,7	
1583	43,1	
1584	43,5	
1585	43,8	
1586	45,6	
1587	44,6	
1588	49,3	
1589	44,4	
1590	46,1	
1591	42,7	
1592	42,8	
1593	43,0	
1594	43,4	
1595	43,2	
1596	44,2	
1597	43,8	
1598	45,0	
1599	45,8	
1600	46,7	
1601	46,5	
1602	45,2	
1603	46,1	
1604	46,6	
1605	47,2	
1606	46,8	
1607	46,9	
1608	46,8	
1609	46,9	
1610	46,6	
1611	47,3	
1612	46,9	
1613	48,8	
1614	50,5	
1615	48,2	
1616	49,7	
1617	47,7	
1618	49,3	
1619	46,6	
1620	46,8	
1621	47,4	
1622	46,9	
1623	47,0	
1624	48,9	
1625	49,0	
1626	47,6	
1627	49,5	
1628	50,0	
1629	48,9	
1630	47,1	
1631	46,6	
1632	47,3	
1633	47,6	
1634	48,7	
1635	48,9	
1636	48,9	
1637	52,2	
1638	49,5	
1639	49,8	
1640	49,2	
1641	52,8	
1642	51,1	
1643	51,3	
1644	49,8	
1645	51,4	
1646	48,8	
1647	50,0	
1648	50,7	
1649	51,4	
1650	50,6	
1651	50,4	
1652	51,0	
1653	51,7	
1654	51,5	
1655	51,2	
1656	51,7	
1657	50,7	
1658	50,6	
1659	52,4	
1660	53,0	
1661	51,2	
1662	52,8	
1663	52,3	
1664	51,8	
1665	53,8	
1666	53,7	
1667	53,3	
1668	53,1	
1669	53,9	
1670	52,1	
1671	52,5	
1672	52,2	
1673	52,8	
1674	54,3	
1675	54,4	
1676	53,5	
1677	52,2	
1678	54,2	
1679	52,6	
1680	53,2	
1681	51,4	
1682	51,4	
1683	50,5	
1684	52,1	
1685	53,1	
1686	54,7	
1687	53,5	
1688	53,9	
1689	56,0	
1690	56,3	
1691	54,3	
1692	50,3	
1693	52,5	
1694	54,2	
1695	53,9	
1696	54,3	
1697	54,3	
1698	54,7	
1699	53,8	
1700	54,7	
1701	55,5	
1702	54,5	
1703	54,3	
1704	52,8	
1705	51,9	
1706	53,2	
1707	52,4	
1708	52,8	
1709	52,1	
1710	52,8	
1711	55,4	
1712	55,3	
1713	53,6	
1714	54,2	
1715	53,6	
1716	52,9	
1717	53,4	
1718	55,4	
1719	54,8	
1720	54,6	
1721	54,7	
1722	57,6	
1723	56,0	
1724	55,4	
1725	56,5	
1726	55,1	
1727	54,1	
1728	54,3	
1729	56,8	
1730	57,5	
1731	55,2	
1732	55,4	
1733	54,6	
1734	53,6	
1735	55,3	
1736	55,4	
1737	54,8	
1738	52,5	
1739	53,6	
1740	53,1	
1741	53,4	
1742	52,8	
1743	52,9	
1744	54,3	
1745	54,2	
1746	56,1	
1747	56,8	
1748	54,0	
1749	54,3	
1750	54,8	
1751	53,9	
1752	54,6	
1753	55,2	
1754	56,1	
1755	55,0	
1756	55,1	
1757	55,2	
1758	56,3	
1759	54,4	
1760	54,1	
1761	54,9	
1762	55,1	
1763	54,2	
1764	55,7	
1765	56,9	
1766	54,4	
1767	54,1	
1768	59,4	
1769	54,4	
1770	54,5	
1771	54,1	
1772	55,9	
1773	54,7	
1774	53,9	
1775	54,9	
1776	53,5	
1777	55,1	
1778	54,1	
1779	54,4	
1780	55,3	
1781	55,9	
1782	53,5	
1783	53,2	
1784	52,7	
1785	52,6	
1786	52,7	
1787	53,1	
1788	52,7	
1789	52,7	
1790	54,9	
1791	54,8	
1792	54,6	
1793	52,5	
1794	52,6	
1795	52,5	
1796	51,5	
1797	54,0	
1798	53,2	
1799	53,5	
1800	53,3	
1801	53,0	
1802	56,0	
1803	54,4	
1804	54,8	
1805	55,1	
1806	53,1	
1807	55,8	
1808	57,0	
1809	52,9	
1810	54,1	
1811	53,5	
1812	53,0	
1813	52,8	
1814	54,1	
1815	53,1	
1816	52,9	
1817	53,2	
1818	53,2	
1819	53,3	
1820	51,8	
1821	52,2	
1822	52,2	
1823	52,1	
1824	50,9	
1825	51,6	
1826	49,5	
1827	49,3	
1828	49,6	
1829	49,2	
1830	49,2	
1831	52,8	
1832	50,9	
1833	52,2	
1834	50,9	
1835	51,1	
1836	49,7	
1837	48,4	
1838	48,2	
1839	49,5	
1840	49,1	
1841	50,5	
1842	50,3	
1843	49,4	
1844	48,8	
1845	48,4	
1846	48,3	
1847	48,4	
1848	47,8	
1849	47,1	
1850	47,6	
1851	46,9	
1852	46,6	
1853	46,1	
1854	48,1	
1855	47,9	
1856	48,6	
1857	46,7	
1858	46,0	
1859	46,3	
1860	45,9	
1861	47,0	
1862	47,3	
1863	46,3	
1864	46,9	
1865	45,3	
1866	48,1	
1867	45,3	
1868	46,6	
1869	46,0	
1870	47,9	
1871	44,9	
1872	45,1	
1873	45,0	
1874	45,2	
1875	48,4	
1876	46,7	
1877	45,5	
1878	44,7	
1879	44,9	
1880	43,1	
1881	44,3	
1882	42,7	
1883	43,9	
1884	42,1	
1885	41,9	
1886	42,5	
1887	42,8	
1888	43,7	
1889	41,7	
1890	42,4	
1891	43,4	
1892	41,4	
1893	42,2	
1894	41,1	
1895	41,3	
1896	43,4	
1897	41,5	
1898	40,5	
1899	39,9	
1900	41,3	
1901	42,3	
1902	42,6	
1903	42,9	
1904	41,3	
1905	40,5	
1906	39,0	
1907	37,1	
1908	38,2	
1909	36,9	
1910	37,1	
1911	37,3	
1912	37,9	
1913	36,3	
1914	39,0	
1915	37,7	
1916	37,3	
1917	37,9	
1918	38,6	
1919	41,8	
1920	36,7	
1921	36,6	
1922	37,7	
1923	36,7	
1924	37,1	
1925	36,5	
1926	38,3	
1927	36,3	
1928	35,8	
1929	35,5	
1930	35,6	
1931	35,5	
1932	35,2	
1933	34,2	
1934	32,9	
1935	32,8	
1936	33,1	
1937	34,5	
1938	31,6	
1939	31,5	
1940	32,3	
1941	31,4	
1942	32,6	
1943	31,9	
1944	33,7	
1945	31,4	
1946	34,4	
1947	31,5	
1948	30,6	
1949	29,3	
1950	30,2	
1951	29,8	
1952	29,8	
1953	29,6	
1954	32,6	
1955	30,7	
1956	30,6	
1957	31,2	
1958	30,9	
1959	30,8	
1960	30,1	
1961	31,0	
1962	28,3	
1963	28,9	
1964	27,2	
1965	26,6	
1966	31,0	
1967	26,0	
1968	26,1	
1969	26,4	
1970	27,6	
1971	26,0	
1972	26,1	
1973	25,8	
1974	26,2	
1975	27,0	
1976	26,8	
1977	27,0	
1978	25,2	
1979	26,2	
1980	27,3	
1981	25,3	
1982	24,0	
1983	24,5	
1984	24,5	
1985	24,7	
1986	23,9	
1987	25,8	
1988	24,7	
1989	23,1	
1990	23,2	
1991	22,0	
1992	24,3	
1993	24,4	
1994	22,3	
1995	21,2	
1996	21,6	
1997	21,4	
1998	20,5	
1999	20,9	
2000	23,6	
2001	19,7	
2002	19,6	
2003	20,4	
2004	20,8	
2005	21,1	
2006	19,2	
2007	22,0	
2008	19,9	
2009	19,0	
2010	17,9	
2011	18,2	
2012	16,9	
2013	15,7	
2014	16,3	
2015	18,4	
2016	16,2	
2017	15,9	
2018	15,7	
2019	16,8	
2020	16,6	
2021	15,1	
2022	15,3	
2023	14,2	
2024	13,5	
2025	12,4	
2026	12,5	
2027	12,4	
2028	12,1	
2029	12,3	
2030	11,9	
2031	12,1	
2032	13,3	
2033	11,4	
2034	10,8	
2035	12,1	
2036	11,4	
2037	10,4	
2038	9,3	
2039	10,8	
2040	9,2	
2041	9,0	
2042	8,4	
2043	8,3	
2044	8,9	
2045	9,0	
2046	10,8	
2047	8,4	
2048	9,3	
2049	7,3	
2050	8,9	
2051	6,6	
2052	7,2	
2053	6,2	
2054	5,0	
2055	6,3	
2056	5,6	
2057	4,9	
2058	5,5	
2059	5,0	
2060	5,4	
2061	4,5	
2062	4,1	
2063	4,4	
2064	3,8	
2065	3,4	
2066	2,6	
2067	3,4	
2068	2,8	
2069	2,8	
2070	3,5	
2071	2,9	
2072	3,3	
2073	3,7	
2074	2,9	
2075	3,7	
2076	2,5	
2077	2,9	
2078	2,5	
2079	2,5	
2080	2,1	
2081	-0,4	
2082	-0,5	
2083	-0,6	
2084	0,3	
2085	-1,1	
2086	-0,2	
2087	-1,6	
2088	-1,2	
2089	-2,0	
2090	0,3	
2091	0,3	
2092	-1,3	
2093	-0,2	
2094	-1,2	
2095	-1,7	
2096	-1,4	
2097	-0,1	
2098	-0,5	
2099	-1,0	
2100	0,4	
2101	-0,1	
2102	-1,0	
2103	-1,9	
2104	-1,3	
2105	-2,6	
2106	-2,7	
2107	-3,1	
2108	-2,3	
2109	-4,1	
2110	-3,2	
2111	-4,7	
2112	-3,4	
2113	-3,9	
2114	-5,0	
2115	-3,7	
2116	-5,0	
2117	-3,2	
2118	-5,8	
2119	-4,0	
2120	-5,6	
2121	-3,1	
2122	-5,6	
2123	-6,4	
2124	-4,9	
2125	-5,9	
2126	-6,0	
2127	-4,8	
2128	-6,7	
2129	-6,8	
2130	-6,0	
2131	-7,2	
2132	-8,2	
2133	-9,8	
2134	-8,1	
2135	-10,2	
2136	-9,3	
2137	-8,5	
2138	-10,8	
2139	-8,6	
2140	-9,5	
2141	-10,0	
2142	-11,4	
2143	-11,7	
2144	-10,7	
2145	-11,4	
2146	-12,7	
2147	-11,2	
2148	-12,8	
2149	-10,9	
2150	-9,5	
2151	-11,6	
2152	-11,5	
2153	-12,2	
2154	-12,5	
2155	-11,7	
2156	-11,9	
2157	-12,4	
2158	-12,4	
2159	-12,3	
2160	-11,9	
2161	-12,9	
2162	-11,7	
2163	-13,7	
2164	-9,2	
2165	-14,0	
2166	-12,8	
2167	-14,5	
2168	-14,7	
2169	-14,1	
2170	-13,4	
2171	-12,9	
2172	-13,8	
2173	-15,2	
2174	-13,6	
2175	-14,8	
2176	-13,4	
2177	-14,5	
2178	-14,4	
2179	-15,6	
2180	-16,1	
2181	-15,0	
2182	-15,1	
2183	-16,2	
2184	-15,4	
2185	-16,6	
2186	-16,2	
2187	-17,3	
2188	-17,5	
2189	-17,1	
2190	-16,2	
2191	-16,7	
2192	-17,2	
2193	-17,5	
2194	-18,4	
2195	-18,8	
2196	-19,3	
2197	-19,1	
2198	-18,6	
2199	-19,9	
2200	-19,7	
2201	-19,6	
2202	-19,3	
2203	-19,2	
2204	-18,5	
2205	-14,6	
2206	-18,0	
2207	-18,3	
2208	-17,4	
2209	-18,5	
2210	-17,4	
2211	-18,7	
2212	-18,0	
2213	-18,9	
2214	-17,7	
2215	-18,8	
2216	-18,8	
2217	-18,9	
2218	-19,0	
2219	-19,2	
2220	-18,0	
2221	-19,6	
2222	-19,4	
2223	-20,7	
2224	-20,8	
2225	-19,9	
2226	-20,5	
2227	-20,4	
2228	-20,5	
2229	-19,7	
2230	-19,6	
2231	-19,9	
2232	-20,5	
2233	-21,1	
2234	-19,5	
2235	-20,7	
2236	-16,2	
2237	-19,1	
2238	-20,1	
2239	-20,5	
2240	-20,8	
2241	-17,4	
2242	-20,4	
2243	-21,1	
2244	-21,2	
2245	-21,1	
2246	-21,7	
2247	-21,6	
2248	-22,4	
2249	-23,2	
2250	-23,4	
2251	-22,8	
2252	-22,9	
2253	-22,2	
2254	-22,9	
2255	-22,6	
2256	-22,5	
2257	-23,1	
2258	-22,3	
2259	-22,0	
2260	-21,4	
2261	-21,9	
2262	-21,2	
2263	-19,5	
2264	-21,1	
2265	-20,1	
2266	-20,6	
2267	-19,1	
2268	-20,8	
2269	-20,4	
2270	-18,5	
2271	-19,4	
2272	-19,1	
2273	-20,5	
2274	-21,0	
2275	-16,7	
2276	-20,7	
2277	-21,1	
2278	-21,5	
2279	-20,8	
2280	-20,8	
2281	-19,9	
2282	-21,9	
2283	-22,1	
2284	-22,8	
2285	-20,6	
2286	-23,1	
2287	-23,9	
2288	-23,7	
2289	-23,2	
2290	-21,9	
2291	-22,2	
2292	-20,8	
2293	-21,7	
2294	-22,6	
2295	-22,6	
2296	-21,1	
2297	-21,6	
2298	-21,7	
2299	-22,9	
2300	-21,7	
2301	-20,9	
2302	-21,4	
2303	-19,9	
2304	-20,3	
2305	-20,7	
2306	-21,0	
2307	-23,0	
2308	-22,4	
2309	-24,2	
2310	-23,0	
2311	-24,8	
2312	-24,9	
2313	-23,1	
2314	-21,7	
2315	-23,8	
2316	-22,3	
2317	-23,8	
2318	-23,7	
2319	-23,0	
2320	-20,5	
2321	-21,8	
2322	-21,7	
2323	-22,1	
2324	-22,1	
2325	-20,9	
2326	-20,7	
2327	-20,7	
2328	-21,1	
2329	-17,1	
2330	-18,4	
2331	-21,8	
2332	-21,8	
2333	-19,6	
2334	-22,0	
2335	-18,2	
2336	-20,1	
2337	-20,8	
2338	-20,7	
2339	-21,2	
2340	-21,3	
2341	-20,2	
2342	-21,8	
2343	-21,8	
2344	-22,3	
2345	-20,8	
2346	-21,0	
2347	-22,2	
2348	-22,7	
2349	-20,9	
2350	-21,5	
2351	-21,7	
2352	-20,9	
2353	-22,5	
2354	-22,1	
2355	-21,3	
2356	-19,8	
2357	-21,7	
2358	-21,5	
2359	-19,1	
2360	-20,4	
2361	-19,6	
2362	-20,6	
2363	-21,0	
2364	-21,3	
2365	-21,1	
2366	-21,7	
2367	-21,5	
2368	-21,8	
2369	-21,6	
2370	-21,6	
2371	-22,0	
2372	-22,4	
2373	-21,5	
2374	-20,2	
2375	-18,2	
2376	-20,6	
2377	-21,4	
2378	-19,3	
2379	-21,3	
2380	-21,4	
2381	-20,7	
2382	-20,0	
2383	-21,0	
2384	-20,5	
2385	-20,8	
2386	-20,7	
2387	-19,6	
2388	-20,2	
2389	-21,1	
2390	-19,9	
2391	-21,0	
2392	-20,1	
2393	-18,7	
2394	-18,8	
2395	-20,6	
2396	-20,7	
2397	-21,2	
2398	-20,6	
2399	-20,4	
2400	-19,5	
2401	-20,9	
2402	-19,5	
2403	-19,4	
2404	-19,6	
2405	-17,6	
2406	-20,6	
2407	-18,8	
2408	-19,8	
2409	-18,1	
2410	-18,6	
2411	-19,9	
2412	-19,7	
2413	-19,1	
2414	-20,3	
2415	-18,7	
2416	-17,4	
2417	-18,4	
2418	-18,5	
2419	-18,9	
2420	-19,6	
2421	-19,7	
2422	-19,8	
2423	-19,2	
2424	-18,8	
2425	-19,2	
2426	-18,4	
2427	-19,7	
2428	-18,1	
2429	-19,5	
2430	-20,2	
2431	-18,7	
2432	-19,5	
2433	-18,2	
2434	-18,6	
2435	-17,9	
2436	-19,4	
2437	-17,8	
2438	-17,1	
2439	-17,5	
2440	-16,0	
2441	-17,4	
2442	-17,8	
2443	-17,7	
2444	-16,6	
2445	-16,4	
2446	-16,4	
2447	-17,0	
2448	-17,1	
2449	-18,6	
2450	-18,0	
2451	-16,0	
2452	-16,1	
2453	-16,1	
2454	-18,2	
2455	-17,9	
2456	-18,8	
2457	-18,1	
2458	-17,5	
2459	-15,9	
2460	-17,7	
2461	-17,4	
2462	-17,2	
2463	-15,7	
2464	-16,6	
2465	-17,4	
2466	-15,3	
2467	-14,8	
2468	-14,9	
2469	-14,0	
2470	-12,0	
2471	-15,4	
2472	-14,8	
2473	-15,4	
2474	-14,7	
2475	-16,1	
2476	-15,2	
2477	-16,1	
2478	-16,0	
2479	-15,6	
2480	-15,3	
2481	-16,1	
2482	-15,5	
2483	-16,3	
2484	-16,1	
2485	-14,9	
2486	-15,1	
2487	-15,1	
2488	-13,9	
2489	-14,8	
2490	-14,2	
2491	-14,6	
2492	-12,2	
2493	-12,1	
2494	-13,5	
2495	-12,3	
2496	-12,2	
2497	-11,4	
2498	-10,6	
2499	-12,3	
2500	-10,2	
2501	-11,5	
2502	-11,0	
2503	-10,8	
2504	-11,2	
2505	-9,4	
2506	-12,2	
2507	-12,1	
2508	-11,6	
2509	-12,5	
2510	-12,5	
2511	-13,4	
2512	-12,9	
2513	-12,1	
2514	-13,0	
2515	-12,7	
2516	-12,3	
2517	-12,8	
2518	-12,6	
2519	-13,0	
2520	-10,5	
2521	-10,4	
2522	-10,7	
2523	-10,3	
2524	-9,9	
2525	-10,9	
2526	-8,5	
2527	-9,0	
2528	-10,0	
2529	-9,5	
2530	-8,3	
2531	-10,0	
2532	-9,4	
2533	-10,5	
2534	-10,8	
2535	-10,8	
2536	-10,1	
2537	-9,9	
2538	-10,4	
2539	-8,4	
2540	-8,9	
2541	-11,0	
2542	-10,1	
2543	-9,4	
2544	-8,9	
2545	-8,1	
2546	-10,3	
2547	-9,8	
2548	-8,3	
2549	-9,5	
2550	-8,7	
2551	-8,0	
2552	-7,1	
2553	-8,0	
2554	-8,3	
2555	-7,2	
2556	-6,9	
2557	-7,0	
2558	-7,8	
2559	-6,4	
2560	-7,3	
2561	-7,5	
2562	-8,0	
2563	-7,0	
2564	-7,8	
2565	-7,8	
2566	-6,1	
2567	-5,1	
2568	-7,2	
2569	-7,8	
2570	-3,7	
2571	-6,4	
2572	-7,0	
2573	-6,0	
2574	-7,1	
2575	-7,0	
2576	-6,1	
2577	-6,8	
2578	-6,2	
2579	-6,8	
2580	-5,8	
2581	-4,6	
2582	-6,1	
2583	-6,3	
2584	-6,2	
2585	-6,0	
2586	-5,0	
2587	-6,2	
2588	-6,1	
2589	-5,9	
2590	-5,8	
2591	-4,7	
