[HEADER]
H01=项目编号:
H02=项目注释:
H03=用户:
H04=测量日期:	21.04.2023
H05=测量时间:	16:23:21
H06=文件名称:	C:\Users\Test-02\Desktop\421HF\12左\file_02.dat
H07=车厢号码:
H08=轮副:
H09=轨道基本间距:	0
H10=轨迹偏移:	0
H11=测量点数:	766
H12=测量:	好
H14=轮子:	L
H13=扩展注释:
[MeasurementData]
[mm] [µm]
0	0,0	
1	0,4	
2	0,7	
3	0,0	
4	1,2	
5	0,0	
6	0,0	
7	0,0	
8	0,0	
9	0,5	
10	0,3	
11	0,0	
12	0,2	
13	0,1	
14	2,5	
15	0,3	
16	5,4	
17	0,7	
18	3,9	
19	2,2	
20	2,4	
21	0,6	
22	6,0	
23	2,1	
24	17,5	
25	3,8	
26	2,8	
27	2,6	
28	5,4	
29	6,8	
30	6,3	
31	11,9	
32	6,0	
33	5,3	
34	6,4	
35	8,3	
36	8,7	
37	8,5	
38	8,4	
39	10,6	
40	7,1	
41	9,5	
42	9,9	
43	9,5	
44	11,0	
45	12,5	
46	13,1	
47	12,4	
48	11,0	
49	11,8	
50	12,3	
51	11,8	
52	13,8	
53	13,6	
54	14,8	
55	15,9	
56	13,0	
57	14,3	
58	15,7	
59	15,9	
60	15,2	
61	15,1	
62	16,5	
63	18,5	
64	17,6	
65	16,7	
66	21,8	
67	23,4	
68	18,4	
69	19,6	
70	19,6	
71	18,7	
72	18,6	
73	19,5	
74	20,3	
75	19,9	
76	19,5	
77	26,8	
78	22,3	
79	21,0	
80	23,9	
81	20,8	
82	19,3	
83	20,2	
84	21,9	
85	21,6	
86	20,5	
87	22,1	
88	21,7	
89	23,7	
90	23,0	
91	23,2	
92	22,5	
93	23,5	
94	24,3	
95	25,2	
96	25,3	
97	23,5	
98	27,6	
99	34,9	
100	25,2	
101	24,1	
102	30,7	
103	31,5	
104	28,9	
105	34,2	
106	27,8	
107	29,8	
108	29,3	
109	32,2	
110	34,4	
111	30,0	
112	28,2	
113	32,0	
114	29,6	
115	34,3	
116	35,1	
117	35,4	
118	33,7	
119	32,8	
120	32,5	
121	36,3	
122	33,2	
123	32,0	
124	33,1	
125	34,2	
126	33,4	
127	38,3	
128	37,3	
129	35,1	
130	34,7	
131	34,6	
132	35,6	
133	33,6	
134	39,8	
135	37,8	
136	36,2	
137	36,2	
138	36,4	
139	35,6	
140	34,1	
141	35,4	
142	36,3	
143	36,2	
144	38,1	
145	39,0	
146	38,2	
147	41,2	
148	41,6	
149	42,0	
150	39,3	
151	39,0	
152	40,0	
153	36,1	
154	40,0	
155	35,9	
156	36,0	
157	35,0	
158	36,1	
159	38,6	
160	40,2	
161	39,6	
162	40,6	
163	40,5	
164	43,8	
165	42,8	
166	44,1	
167	43,7	
168	41,5	
169	41,1	
170	45,0	
171	39,7	
172	39,2	
173	41,9	
174	43,4	
175	41,1	
176	40,7	
177	42,1	
178	40,9	
179	42,3	
180	41,6	
181	40,9	
182	39,8	
183	43,2	
184	40,1	
185	45,3	
186	40,8	
187	42,2	
188	42,0	
189	46,3	
190	42,2	
191	43,3	
192	42,6	
193	43,1	
194	43,0	
195	42,1	
196	44,6	
197	42,5	
198	42,4	
199	46,2	
200	44,7	
201	47,4	
202	45,6	
203	43,3	
204	44,9	
205	45,4	
206	45,8	
207	46,2	
208	46,8	
209	43,2	
210	44,1	
211	47,3	
212	44,6	
213	44,6	
214	44,8	
215	47,1	
216	45,2	
217	45,8	
218	46,1	
219	46,0	
220	47,1	
221	47,1	
222	46,0	
223	45,2	
224	46,8	
225	45,4	
226	46,4	
227	45,2	
228	46,7	
229	45,5	
230	46,0	
231	47,0	
232	48,1	
233	46,2	
234	47,3	
235	47,7	
236	49,0	
237	49,8	
238	47,6	
239	48,5	
240	47,4	
241	55,3	
242	46,7	
243	47,9	
244	48,2	
245	47,7	
246	47,9	
247	47,5	
248	47,5	
249	48,3	
250	53,2	
251	49,4	
252	47,3	
253	46,9	
254	47,4	
255	48,5	
256	50,4	
257	48,1	
258	48,0	
259	48,2	
260	48,4	
261	48,6	
262	49,2	
263	49,3	
264	48,6	
265	48,4	
266	49,7	
267	48,3	
268	48,1	
269	48,7	
270	50,4	
271	47,2	
272	47,7	
273	47,0	
274	45,9	
275	46,9	
276	46,4	
277	46,3	
278	48,6	
279	47,4	
280	47,8	
281	48,9	
282	46,8	
283	47,6	
284	47,8	
285	46,6	
286	49,8	
287	47,7	
288	46,6	
289	47,9	
290	46,6	
291	47,0	
292	46,9	
293	47,3	
294	47,5	
295	47,3	
296	47,1	
297	48,4	
298	49,1	
299	48,4	
300	49,0	
301	48,3	
302	48,3	
303	48,3	
304	49,1	
305	49,3	
306	50,7	
307	49,7	
308	48,7	
309	49,5	
310	52,5	
311	48,7	
312	49,8	
313	50,5	
314	49,3	
315	48,6	
316	49,3	
317	48,1	
318	49,3	
319	48,6	
320	49,2	
321	48,2	
322	49,1	
323	52,7	
324	50,0	
325	50,1	
326	53,4	
327	48,8	
328	49,6	
329	47,1	
330	48,6	
331	48,1	
332	47,9	
333	47,5	
334	47,7	
335	47,9	
336	48,4	
337	49,4	
338	51,7	
339	48,6	
340	48,2	
341	50,0	
342	48,1	
343	46,1	
344	44,9	
345	45,5	
346	47,9	
347	46,3	
348	46,9	
349	47,3	
350	47,9	
351	46,6	
352	51,2	
353	46,8	
354	46,4	
355	47,0	
356	46,8	
357	46,1	
358	46,6	
359	46,4	
360	46,2	
361	49,9	
362	45,9	
363	45,1	
364	45,2	
365	45,5	
366	44,2	
367	45,1	
368	45,9	
369	44,3	
370	47,2	
371	44,3	
372	44,0	
373	42,7	
374	42,4	
375	45,6	
376	42,8	
377	45,1	
378	44,4	
379	43,2	
380	44,8	
381	43,1	
382	43,4	
383	43,4	
384	42,3	
385	42,8	
386	41,9	
387	52,5	
388	42,2	
389	46,8	
390	42,6	
391	43,4	
392	44,1	
393	41,8	
394	43,7	
395	42,2	
396	46,5	
397	41,3	
398	42,3	
399	44,9	
400	42,5	
401	41,4	
402	43,6	
403	42,4	
404	42,2	
405	43,5	
406	41,5	
407	41,4	
408	41,3	
409	41,5	
410	41,5	
411	42,8	
412	42,1	
413	41,4	
414	42,7	
415	42,0	
416	40,5	
417	41,0	
418	42,7	
419	43,6	
420	43,5	
421	41,7	
422	41,0	
423	39,8	
424	40,6	
425	41,2	
426	40,2	
427	39,0	
428	39,7	
429	40,5	
430	41,7	
431	40,4	
432	42,4	
433	38,8	
434	40,2	
435	38,7	
436	39,2	
437	38,0	
438	38,5	
439	38,8	
440	37,6	
441	37,7	
442	39,5	
443	37,5	
444	36,3	
445	36,2	
446	36,8	
447	39,7	
448	36,4	
449	37,1	
450	34,6	
451	35,6	
452	34,2	
453	36,5	
454	34,0	
455	42,2	
456	34,1	
457	35,8	
458	32,8	
459	33,6	
460	38,8	
461	34,2	
462	34,0	
463	33,8	
464	35,0	
465	36,0	
466	36,9	
467	32,2	
468	31,1	
469	31,8	
470	32,7	
471	31,9	
472	31,3	
473	30,5	
474	31,8	
475	33,1	
476	31,2	
477	33,2	
478	32,0	
479	32,9	
480	32,6	
481	35,6	
482	33,6	
483	31,5	
484	31,6	
485	30,8	
486	30,8	
487	33,3	
488	31,7	
489	31,4	
490	30,7	
491	29,2	
492	29,3	
493	30,9	
494	29,0	
495	30,0	
496	27,3	
497	27,5	
498	28,2	
499	30,1	
500	25,6	
501	27,3	
502	26,4	
503	26,9	
504	25,8	
505	26,4	
506	27,1	
507	29,0	
508	29,5	
509	23,5	
510	23,6	
511	25,8	
512	23,8	
513	26,3	
514	22,9	
515	27,1	
516	24,1	
517	22,8	
518	24,6	
519	22,7	
520	25,3	
521	22,8	
522	21,6	
523	22,8	
524	28,7	
525	25,6	
526	23,3	
527	22,5	
528	24,7	
529	24,0	
530	21,5	
531	21,5	
532	20,1	
533	20,5	
534	19,9	
535	21,1	
536	22,0	
537	18,4	
538	18,3	
539	17,2	
540	19,6	
541	16,4	
542	17,8	
543	18,4	
544	17,5	
545	16,5	
546	16,1	
547	16,0	
548	15,0	
549	16,5	
550	16,8	
551	20,5	
552	17,4	
553	14,2	
554	17,2	
555	14,5	
556	15,0	
557	14,9	
558	16,0	
559	16,8	
560	19,2	
561	15,7	
562	15,7	
563	16,3	
564	15,2	
565	15,6	
566	12,7	
567	14,2	
568	11,7	
569	11,1	
570	11,1	
571	11,1	
572	10,4	
573	10,1	
574	9,7	
575	10,7	
576	10,9	
577	10,7	
578	10,0	
579	11,4	
580	13,9	
581	15,0	
582	11,9	
583	8,7	
584	9,1	
585	8,0	
586	8,6	
587	9,5	
588	7,2	
589	8,4	
590	6,9	
591	6,9	
592	5,9	
593	8,1	
594	8,0	
595	5,6	
596	5,3	
597	6,7	
598	7,7	
599	4,1	
600	9,5	
601	4,0	
602	4,1	
603	13,2	
604	2,9	
605	2,0	
606	2,3	
607	4,4	
608	2,4	
609	5,4	
610	1,2	
611	5,1	
612	1,8	
613	0,6	
614	1,5	
615	0,0	
616	0,3	
617	0,6	
618	0,3	
619	0,2	
620	0,1	
621	0,0	
622	0,0	
623	0,0	
624	0,0	
625	0,0	
626	0,0	
627	0,0	
628	1,2	
629	0,0	
630	0,0	
631	0,0	
632	0,0	
633	0,0	
634	0,0	
635	0,0	
636	0,0	
637	0,0	
638	0,0	
639	0,0	
640	0,0	
641	0,0	
642	0,0	
643	0,0	
644	0,0	
645	0,0	
646	0,0	
647	0,0	
648	0,0	
649	0,0	
650	0,0	
651	0,0	
652	0,0	
653	0,0	
654	0,0	
655	0,0	
656	0,0	
657	0,0	
658	0,0	
659	0,0	
660	0,0	
661	0,0	
662	0,0	
663	0,0	
664	0,0	
665	0,0	
666	0,0	
667	0,0	
668	0,0	
669	0,0	
670	0,0	
671	0,0	
672	0,0	
673	0,0	
674	0,0	
675	0,0	
676	0,0	
677	0,0	
678	0,0	
679	0,0	
680	0,0	
681	0,0	
682	0,0	
683	0,0	
684	0,0	
685	0,0	
686	0,0	
687	0,0	
688	0,0	
689	0,0	
690	0,0	
691	0,0	
692	0,0	
693	0,0	
694	0,0	
695	0,0	
696	0,0	
697	0,0	
698	0,0	
699	0,0	
700	0,0	
701	0,0	
702	0,0	
703	0,0	
704	0,0	
705	0,0	
706	0,0	
707	0,0	
708	0,0	
709	0,0	
710	0,0	
711	0,0	
712	0,0	
713	0,0	
714	0,0	
715	0,0	
716	0,0	
717	0,0	
718	0,0	
719	0,0	
720	0,0	
721	0,0	
722	0,0	
723	0,0	
724	0,0	
725	0,0	
726	0,0	
727	0,0	
728	0,0	
729	0,0	
730	0,0	
731	0,0	
732	0,0	
733	0,0	
734	0,0	
735	0,0	
736	0,0	
737	0,0	
738	0,0	
739	0,0	
740	0,0	
741	0,0	
742	0,0	
743	0,0	
744	0,0	
745	0,0	
746	0,0	
747	0,0	
748	0,0	
749	0,0	
750	0,0	
751	0,0	
752	0,0	
753	0,0	
754	0,0	
755	0,0	
756	0,0	
757	0,0	
758	0,0	
759	0,0	
760	0,0	
761	0,0	
762	0,0	
763	0,0	
764	0,0	
765	0,0	
