[HEADER]
H01=项目编号:
H02=项目注释:
H03=用户:
H04=测量日期:	21.04.2023
H05=测量时间:	16:27:33
H06=文件名称:	C:\Users\Test-02\Desktop\421HF\12左\file_05.dat
H07=车厢号码:
H08=轮副:
H09=轨道基本间距:	0
H10=轨迹偏移:	0
H11=测量点数:	2591
H12=测量:	好
H14=轮子:	L
H13=扩展注释:
[MeasurementData]
[mm] [µm]
0	0,0	
1	2,9	
2	3,5	
3	11,6	
4	4,4	
5	4,1	
6	4,5	
7	9,3	
8	3,9	
9	14,6	
10	10,1	
11	3,5	
12	13,9	
13	6,2	
14	7,9	
15	7,9	
16	9,3	
17	8,3	
18	10,1	
19	11,7	
20	15,4	
21	12,8	
22	10,3	
23	12,5	
24	12,6	
25	13,7	
26	9,4	
27	12,1	
28	13,1	
29	16,5	
30	13,1	
31	10,3	
32	13,1	
33	13,7	
34	15,0	
35	13,1	
36	14,1	
37	13,3	
38	13,8	
39	11,8	
40	16,6	
41	16,9	
42	17,7	
43	18,7	
44	18,8	
45	14,5	
46	17,4	
47	20,8	
48	15,9	
49	19,3	
50	17,6	
51	16,4	
52	16,0	
53	20,9	
54	20,0	
55	20,2	
56	19,2	
57	18,8	
58	21,6	
59	19,8	
60	20,4	
61	21,2	
62	23,1	
63	24,2	
64	22,7	
65	22,3	
66	23,0	
67	22,5	
68	23,1	
69	25,8	
70	23,8	
71	27,7	
72	25,2	
73	24,6	
74	23,6	
75	25,8	
76	27,3	
77	29,4	
78	26,6	
79	28,8	
80	29,2	
81	29,5	
82	27,5	
83	31,7	
84	30,6	
85	32,4	
86	32,4	
87	33,9	
88	29,4	
89	33,7	
90	32,3	
91	36,2	
92	37,4	
93	36,7	
94	36,3	
95	38,0	
96	32,9	
97	32,7	
98	37,1	
99	36,8	
100	34,2	
101	36,2	
102	33,5	
103	33,6	
104	35,9	
105	37,6	
106	35,8	
107	36,4	
108	36,4	
109	36,7	
110	35,5	
111	34,1	
112	35,1	
113	36,2	
114	35,5	
115	37,3	
116	38,4	
117	35,5	
118	35,8	
119	42,5	
120	37,8	
121	40,3	
122	38,3	
123	37,4	
124	42,9	
125	38,6	
126	44,6	
127	38,9	
128	40,1	
129	40,4	
130	42,1	
131	45,3	
132	46,0	
133	43,1	
134	42,6	
135	44,8	
136	42,5	
137	42,6	
138	41,2	
139	42,6	
140	46,3	
141	45,5	
142	51,7	
143	53,5	
144	43,5	
145	44,5	
146	45,4	
147	44,9	
148	46,2	
149	49,3	
150	50,4	
151	48,2	
152	44,8	
153	45,2	
154	47,0	
155	48,0	
156	48,1	
157	49,5	
158	48,4	
159	54,6	
160	58,0	
161	49,9	
162	47,2	
163	49,5	
164	57,6	
165	49,4	
166	47,5	
167	50,5	
168	50,8	
169	50,8	
170	49,4	
171	53,0	
172	52,0	
173	51,5	
174	48,8	
175	47,8	
176	52,5	
177	52,4	
178	51,6	
179	49,6	
180	58,1	
181	50,8	
182	52,7	
183	52,2	
184	52,5	
185	53,6	
186	55,4	
187	50,6	
188	56,0	
189	56,1	
190	55,7	
191	58,5	
192	55,6	
193	58,3	
194	56,9	
195	58,6	
196	56,6	
197	57,0	
198	56,1	
199	57,1	
200	55,1	
201	60,9	
202	59,3	
203	55,4	
204	59,6	
205	55,8	
206	55,3	
207	57,8	
208	55,5	
209	55,1	
210	55,0	
211	53,5	
212	54,3	
213	53,4	
214	59,4	
215	56,0	
216	53,6	
217	54,2	
218	52,9	
219	56,9	
220	55,7	
221	54,7	
222	52,2	
223	55,5	
224	53,2	
225	54,5	
226	51,6	
227	53,0	
228	54,7	
229	52,5	
230	51,9	
231	52,0	
232	52,7	
233	56,5	
234	54,4	
235	53,4	
236	54,5	
237	53,2	
238	54,8	
239	54,3	
240	54,2	
241	54,2	
242	54,8	
243	56,6	
244	55,6	
245	57,0	
246	57,0	
247	58,6	
248	57,1	
249	57,5	
250	58,7	
251	57,1	
252	57,0	
253	57,5	
254	59,0	
255	61,2	
256	57,8	
257	58,8	
258	57,6	
259	59,0	
260	58,7	
261	59,4	
262	56,9	
263	57,1	
264	59,2	
265	60,6	
266	60,1	
267	59,5	
268	60,9	
269	57,2	
270	60,0	
271	57,8	
272	58,6	
273	59,6	
274	57,2	
275	60,6	
276	61,5	
277	59,7	
278	62,3	
279	58,0	
280	57,7	
281	56,4	
282	59,6	
283	60,6	
284	63,1	
285	57,5	
286	62,7	
287	56,8	
288	60,9	
289	60,2	
290	58,2	
291	59,3	
292	57,6	
293	60,2	
294	62,1	
295	58,7	
296	58,7	
297	60,4	
298	57,5	
299	58,0	
300	56,7	
301	57,5	
302	59,5	
303	57,1	
304	57,8	
305	57,6	
306	57,4	
307	62,4	
308	59,6	
309	59,5	
310	56,8	
311	57,6	
312	56,8	
313	59,2	
314	58,6	
315	60,2	
316	60,4	
317	58,4	
318	57,1	
319	59,9	
320	56,2	
321	55,8	
322	58,2	
323	58,2	
324	56,1	
325	55,5	
326	58,6	
327	58,4	
328	62,8	
329	57,5	
330	59,3	
331	57,3	
332	57,9	
333	49,0	
334	53,4	
335	56,3	
336	57,1	
337	53,2	
338	54,3	
339	54,7	
340	55,2	
341	53,8	
342	53,8	
343	57,9	
344	53,8	
345	53,7	
346	57,7	
347	53,4	
348	53,5	
349	56,5	
350	57,5	
351	57,5	
352	56,5	
353	58,4	
354	56,4	
355	55,1	
356	58,2	
357	54,6	
358	54,2	
359	56,9	
360	53,9	
361	57,1	
362	57,4	
363	55,6	
364	53,0	
365	55,2	
366	54,7	
367	57,1	
368	58,4	
369	54,5	
370	56,5	
371	53,1	
372	53,0	
373	53,3	
374	55,4	
375	55,0	
376	52,7	
377	51,8	
378	52,4	
379	53,8	
380	55,6	
381	51,4	
382	51,7	
383	51,3	
384	51,1	
385	52,6	
386	50,8	
387	51,2	
388	52,1	
389	50,7	
390	57,1	
391	50,9	
392	51,1	
393	50,4	
394	50,1	
395	52,8	
396	50,4	
397	53,3	
398	51,0	
399	50,4	
400	50,5	
401	49,1	
402	54,7	
403	50,0	
404	51,1	
405	51,9	
406	51,1	
407	52,5	
408	53,1	
409	52,1	
410	55,3	
411	52,1	
412	52,3	
413	52,1	
414	50,2	
415	50,5	
416	49,5	
417	49,0	
418	47,7	
419	50,7	
420	48,8	
421	48,7	
422	47,8	
423	47,4	
424	49,2	
425	50,2	
426	49,1	
427	48,0	
428	47,4	
429	48,4	
430	51,4	
431	46,5	
432	47,8	
433	47,0	
434	48,3	
435	46,3	
436	45,2	
437	46,0	
438	45,9	
439	45,3	
440	46,1	
441	45,3	
442	47,7	
443	43,7	
444	45,7	
445	44,5	
446	43,4	
447	43,7	
448	41,4	
449	41,8	
450	41,5	
451	40,5	
452	40,7	
453	41,1	
454	41,2	
455	41,1	
456	39,5	
457	44,4	
458	40,0	
459	40,4	
460	38,8	
461	40,4	
462	40,3	
463	38,4	
464	38,6	
465	41,0	
466	38,9	
467	39,2	
468	38,8	
469	38,4	
470	36,9	
471	38,6	
472	38,2	
473	41,8	
474	36,0	
475	36,5	
476	37,7	
477	38,0	
478	38,8	
479	38,4	
480	37,5	
481	37,1	
482	37,4	
483	35,8	
484	38,9	
485	36,2	
486	39,0	
487	35,6	
488	35,1	
489	33,7	
490	34,0	
491	35,5	
492	37,1	
493	32,5	
494	40,9	
495	36,4	
496	35,6	
497	34,8	
498	34,7	
499	41,1	
500	40,8	
501	33,3	
502	35,0	
503	34,5	
504	33,8	
505	35,1	
506	32,0	
507	31,3	
508	40,8	
509	34,3	
510	32,4	
511	30,2	
512	32,9	
513	30,6	
514	31,1	
515	31,8	
516	35,5	
517	28,2	
518	31,7	
519	28,2	
520	28,4	
521	30,4	
522	28,6	
523	29,8	
524	30,6	
525	31,8	
526	34,7	
527	30,6	
528	28,5	
529	25,9	
530	31,2	
531	29,7	
532	27,9	
533	33,5	
534	26,6	
535	28,1	
536	31,4	
537	27,3	
538	26,0	
539	23,9	
540	23,6	
541	25,0	
542	29,7	
543	26,4	
544	25,2	
545	23,3	
546	27,1	
547	28,9	
548	20,1	
549	30,7	
550	26,5	
551	30,1	
552	22,5	
553	22,8	
554	23,2	
555	19,2	
556	18,8	
557	20,2	
558	22,6	
559	21,5	
560	20,5	
561	24,4	
562	18,2	
563	23,1	
564	19,3	
565	17,2	
566	17,4	
567	16,9	
568	18,0	
569	18,5	
570	16,0	
571	21,2	
572	18,7	
573	19,0	
574	17,8	
575	24,1	
576	16,7	
577	16,9	
578	14,9	
579	15,5	
580	14,1	
581	14,7	
582	22,0	
583	15,7	
584	17,0	
585	18,7	
586	13,1	
587	18,0	
588	16,0	
589	13,8	
590	22,3	
591	18,0	
592	14,0	
593	14,2	
594	13,6	
595	23,1	
596	21,2	
597	14,4	
598	9,4	
599	9,1	
600	11,9	
601	15,9	
602	13,0	
603	10,0	
604	7,4	
605	9,8	
606	10,1	
607	7,9	
608	16,7	
609	10,7	
610	7,0	
611	10,5	
612	11,2	
613	5,5	
614	13,0	
615	6,7	
616	9,4	
617	7,5	
618	10,5	
619	5,3	
620	8,0	
621	3,4	
622	1,3	
623	1,9	
624	7,0	
625	4,2	
626	5,9	
627	4,3	
628	2,6	
629	-0,3	
630	15,5	
631	4,2	
632	9,4	
633	6,0	
634	5,0	
635	0,2	
636	9,1	
637	0,0	
638	10,0	
639	-0,4	
640	0,7	
641	4,1	
642	-1,6	
643	-1,4	
644	-2,3	
645	2,7	
646	-3,8	
647	-0,4	
648	2,7	
649	5,9	
650	3,8	
651	-0,2	
652	0,7	
653	-4,6	
654	-2,5	
655	-2,0	
656	-0,7	
657	-2,4	
658	-5,3	
659	-4,9	
660	-3,2	
661	-6,9	
662	-5,8	
663	-2,4	
664	-7,0	
665	-5,4	
666	-8,1	
667	-5,5	
668	-6,1	
669	-4,1	
670	-8,5	
671	2,7	
672	-4,5	
673	-7,8	
674	-8,6	
675	-11,6	
676	-9,8	
677	-8,8	
678	-11,2	
679	-5,7	
680	-7,9	
681	-6,5	
682	-6,7	
683	-8,8	
684	-10,3	
685	1,1	
686	-13,0	
687	-11,2	
688	-8,5	
689	-4,6	
690	-10,2	
691	-13,7	
692	-12,7	
693	-10,6	
694	-10,5	
695	-13,0	
696	-10,4	
697	-10,4	
698	-17,7	
699	-10,1	
700	-13,1	
701	-9,9	
702	-13,8	
703	-17,9	
704	-18,4	
705	-12,4	
706	-18,6	
707	-15,9	
708	-13,5	
709	-11,6	
710	-19,2	
711	-11,0	
712	-16,9	
713	-14,4	
714	-21,9	
715	-23,8	
716	-17,5	
717	-21,9	
718	-23,0	
719	-18,2	
720	-17,7	
721	-19,9	
722	-17,6	
723	-23,6	
724	-25,6	
725	-21,9	
726	-17,1	
727	-22,6	
728	-25,3	
729	-25,7	
730	-25,1	
731	-23,7	
732	-16,6	
733	-22,9	
734	-23,7	
735	-23,7	
736	-24,2	
737	-29,4	
738	-26,4	
739	-27,5	
740	-21,9	
741	-26,2	
742	-24,9	
743	-21,3	
744	-27,8	
745	-26,9	
746	-28,8	
747	-27,1	
748	-32,7	
749	-30,9	
750	-23,9	
751	-34,1	
752	-33,8	
753	-21,2	
754	-35,6	
755	-29,5	
756	-30,9	
757	-26,7	
758	-31,8	
759	-32,3	
760	-27,8	
761	-32,6	
762	-30,8	
763	-34,5	
764	-37,0	
765	-31,3	
766	-35,6	
767	-31,8	
768	-29,6	
769	-38,1	
770	-35,9	
771	-35,1	
772	-39,2	
773	-37,9	
774	-40,8	
775	-37,4	
776	-37,0	
777	-39,6	
778	-39,8	
779	-37,0	
780	-41,1	
781	-41,9	
782	-40,1	
783	-39,3	
784	-40,9	
785	-32,3	
786	-38,3	
787	-41,5	
788	-40,4	
789	-44,7	
790	-40,0	
791	-45,9	
792	-43,3	
793	-46,3	
794	-38,9	
795	-44,3	
796	-43,8	
797	-45,8	
798	-48,3	
799	-45,7	
800	-46,6	
801	-47,6	
802	-48,4	
803	-43,9	
804	-46,3	
805	-46,4	
806	-49,2	
807	-47,9	
808	-49,8	
809	-50,1	
810	-46,5	
811	-48,5	
812	-50,3	
813	-47,2	
814	-51,3	
815	-45,9	
816	-51,5	
817	-51,4	
818	-52,2	
819	-52,0	
820	-50,7	
821	-49,6	
822	-56,2	
823	-52,5	
824	-51,2	
825	-55,1	
826	-55,1	
827	-57,2	
828	-54,8	
829	-56,6	
830	-57,8	
831	-52,6	
832	-55,8	
833	-54,5	
834	-58,7	
835	-53,1	
836	-58,4	
837	-60,6	
838	-57,1	
839	-59,5	
840	-62,8	
841	-57,5	
842	-61,7	
843	-56,4	
844	-57,4	
845	-59,5	
846	-49,8	
847	-57,4	
848	-57,5	
849	-63,5	
850	-62,6	
851	-63,1	
852	-63,0	
853	-59,0	
854	-55,7	
855	-66,8	
856	-59,5	
857	-65,2	
858	-65,4	
859	-67,6	
860	-70,1	
861	-71,1	
862	-70,9	
863	-71,7	
864	-67,0	
865	-66,2	
866	-70,8	
867	-64,2	
868	-62,2	
869	-67,7	
870	-70,7	
871	-70,6	
872	-71,0	
873	-67,8	
874	-71,3	
875	-67,3	
876	-70,5	
877	-72,5	
878	-66,9	
879	-71,0	
880	-69,5	
881	-72,6	
882	-71,3	
883	-69,7	
884	-73,1	
885	-69,4	
886	-71,8	
887	-74,4	
888	-74,0	
889	-75,7	
890	-76,8	
891	-73,6	
892	-78,1	
893	-80,2	
894	-77,1	
895	-80,8	
896	-77,7	
897	-75,7	
898	-77,5	
899	-80,8	
900	-78,8	
901	-80,7	
902	-76,2	
903	-80,6	
904	-81,7	
905	-82,4	
906	-82,9	
907	-80,6	
908	-81,2	
909	-82,9	
910	-80,5	
911	-83,7	
912	-80,8	
913	-84,4	
914	-84,5	
915	-85,8	
916	-86,1	
917	-82,9	
918	-82,6	
919	-82,8	
920	-86,0	
921	-87,4	
922	-85,9	
923	-88,0	
924	-88,4	
925	-89,1	
926	-80,3	
927	-89,7	
928	-86,5	
929	-85,4	
930	-88,2	
931	-87,4	
932	-90,2	
933	-91,9	
934	-90,1	
935	-90,5	
936	-91,5	
937	-87,5	
938	-89,7	
939	-87,0	
940	-92,2	
941	-78,4	
942	-87,7	
943	-96,1	
944	-96,3	
945	-96,8	
946	-95,4	
947	-95,8	
948	-93,6	
949	-95,5	
950	-93,2	
951	-91,1	
952	-99,7	
953	-101,3	
954	-95,3	
955	-98,6	
956	-91,3	
957	-89,0	
958	-98,2	
959	-99,2	
960	-88,5	
961	-96,7	
962	-98,9	
963	-97,4	
964	-99,7	
965	-103,7	
966	-104,2	
967	-93,1	
968	-101,1	
969	-102,3	
970	-101,6	
971	-100,5	
972	-101,2	
973	-103,7	
974	-100,9	
975	-102,2	
976	-104,4	
977	-107,0	
978	-104,2	
979	-101,4	
980	-103,2	
981	-104,4	
982	-107,6	
983	-106,2	
984	-101,8	
985	-107,0	
986	-108,3	
987	-103,6	
988	-105,3	
989	-108,6	
990	-109,7	
991	-105,3	
992	-111,1	
993	-109,4	
994	-103,7	
995	-111,2	
996	-112,0	
997	-109,8	
998	-108,9	
999	-112,1	
1000	-111,4	
1001	-112,6	
1002	-114,5	
1003	-111,9	
1004	-114,2	
1005	-112,4	
1006	-116,6	
1007	-117,4	
1008	-112,2	
1009	-118,8	
1010	-112,3	
1011	-113,4	
1012	-118,9	
1013	-116,2	
1014	-117,2	
1015	-116,6	
1016	-117,7	
1017	-121,3	
1018	-118,1	
1019	-118,7	
1020	-120,8	
1021	-121,4	
1022	-121,8	
1023	-122,1	
1024	-117,7	
1025	-117,6	
1026	-116,4	
1027	-120,2	
1028	-122,5	
1029	-121,9	
1030	-123,2	
1031	-119,5	
1032	-123,7	
1033	-116,1	
1034	-123,8	
1035	-124,3	
1036	-120,0	
1037	-126,3	
1038	-124,7	
1039	-123,6	
1040	-128,0	
1041	-128,4	
1042	-125,4	
1043	-128,0	
1044	-123,2	
1045	-126,2	
1046	-122,1	
1047	-122,8	
1048	-122,4	
1049	-127,0	
1050	-126,4	
1051	-127,5	
1052	-128,2	
1053	-128,3	
1054	-128,0	
1055	-130,6	
1056	-127,0	
1057	-129,8	
1058	-131,6	
1059	-125,4	
1060	-131,3	
1061	-129,8	
1062	-133,2	
1063	-134,7	
1064	-135,1	
1065	-135,9	
1066	-131,5	
1067	-135,0	
1068	-137,6	
1069	-137,7	
1070	-135,1	
1071	-134,9	
1072	-139,1	
1073	-137,4	
1074	-132,3	
1075	-137,5	
1076	-131,8	
1077	-137,9	
1078	-137,7	
1079	-139,5	
1080	-141,3	
1081	-139,5	
1082	-140,0	
1083	-139,1	
1084	-141,1	
1085	-139,7	
1086	-137,9	
1087	-134,1	
1088	-142,6	
1089	-140,2	
1090	-142,7	
1091	-143,4	
1092	-141,1	
1093	-140,2	
1094	-143,6	
1095	-137,6	
1096	-144,8	
1097	-141,7	
1098	-146,4	
1099	-145,6	
1100	-144,0	
1101	-146,6	
1102	-144,0	
1103	-146,2	
1104	-146,3	
1105	-149,3	
1106	-149,2	
1107	-151,1	
1108	-147,5	
1109	-148,8	
1110	-145,2	
1111	-142,6	
1112	-148,3	
1113	-151,4	
1114	-147,3	
1115	-144,6	
1116	-151,9	
1117	-148,7	
1118	-148,3	
1119	-148,8	
1120	-147,9	
1121	-154,3	
1122	-150,0	
1123	-153,6	
1124	-155,4	
1125	-144,5	
1126	-153,2	
1127	-156,3	
1128	-155,5	
1129	-155,7	
1130	-151,8	
1131	-157,0	
1132	-156,0	
1133	-155,3	
1134	-150,9	
1135	-156,7	
1136	-155,5	
1137	-158,5	
1138	-155,4	
1139	-155,6	
1140	-156,7	
1141	-159,8	
1142	-160,6	
1143	-160,9	
1144	-157,7	
1145	-155,9	
1146	-162,5	
1147	-162,0	
1148	-161,3	
1149	-160,5	
1150	-160,3	
1151	-163,9	
1152	-157,1	
1153	-159,5	
1154	-160,0	
1155	-160,1	
1156	-163,9	
1157	-164,8	
1158	-164,7	
1159	-159,4	
1160	-163,7	
1161	-166,1	
1162	-165,5	
1163	-166,8	
1164	-163,8	
1165	-165,2	
1166	-160,6	
1167	-168,4	
1168	-168,0	
1169	-170,1	
1170	-172,4	
1171	-159,7	
1172	-170,7	
1173	-170,5	
1174	-170,9	
1175	-172,7	
1176	-172,4	
1177	-167,6	
1178	-172,9	
1179	-171,6	
1180	-165,0	
1181	-173,8	
1182	-172,5	
1183	-169,9	
1184	-169,8	
1185	-174,2	
1186	-170,5	
1187	-174,4	
1188	-172,8	
1189	-176,5	
1190	-173,8	
1191	-172,8	
1192	-172,2	
1193	-176,1	
1194	-174,2	
1195	-173,6	
1196	-161,5	
1197	-178,8	
1198	-175,2	
1199	-175,8	
1200	-173,8	
1201	-162,7	
1202	-179,4	
1203	-180,6	
1204	-179,2	
1205	-177,6	
1206	-179,3	
1207	-184,4	
1208	-178,6	
1209	-177,7	
1210	-181,8	
1211	-181,3	
1212	-182,9	
1213	-183,8	
1214	-183,5	
1215	-184,7	
1216	-181,8	
1217	-177,3	
1218	-184,8	
1219	-181,5	
1220	-186,2	
1221	-184,6	
1222	-186,2	
1223	-182,1	
1224	-180,1	
1225	-184,0	
1226	-186,5	
1227	-185,1	
1228	-187,8	
1229	-184,6	
1230	-184,3	
1231	-185,9	
1232	-185,0	
1233	-188,6	
1234	-188,0	
1235	-192,9	
1236	-191,5	
1237	-192,4	
1238	-194,3	
1239	-193,7	
1240	-193,0	
1241	-192,4	
1242	-188,0	
1243	-186,9	
1244	-190,4	
1245	-196,0	
1246	-196,1	
1247	-194,0	
1248	-195,6	
1249	-196,9	
1250	-193,1	
1251	-192,8	
1252	-191,6	
1253	-197,0	
1254	-195,2	
1255	-198,2	
1256	-196,7	
1257	-199,3	
1258	-193,1	
1259	-200,3	
1260	-197,8	
1261	-199,2	
1262	-196,2	
1263	-201,0	
1264	-199,0	
1265	-196,1	
1266	-201,9	
1267	-201,5	
1268	-204,7	
1269	-203,0	
1270	-205,4	
1271	-203,3	
1272	-202,6	
1273	-199,3	
1274	-196,8	
1275	-199,7	
1276	-198,6	
1277	-201,9	
1278	-205,0	
1279	-202,1	
1280	-203,8	
1281	-206,8	
1282	-206,5	
1283	-205,5	
1284	-204,3	
1285	-204,9	
1286	-208,3	
1287	-203,4	
1288	-208,5	
1289	-208,9	
1290	-202,4	
1291	-207,2	
1292	-211,6	
1293	-210,3	
1294	-209,8	
1295	-207,5	
1296	-207,6	
1297	-205,4	
1298	-206,7	
1299	-209,9	
1300	-210,6	
1301	-207,0	
1302	-211,6	
1303	-203,1	
1304	-209,4	
1305	-211,9	
1306	-213,0	
1307	-209,9	
1308	-214,7	
1309	-216,4	
1310	-216,1	
1311	-215,9	
1312	-214,2	
1313	-211,7	
1314	-220,4	
1315	-221,2	
1316	-220,0	
1317	-218,4	
1318	-221,7	
1319	-221,9	
1320	-215,2	
1321	-220,1	
1322	-205,5	
1323	-214,6	
1324	-213,9	
1325	-212,7	
1326	-216,8	
1327	-217,9	
1328	-216,0	
1329	-200,3	
1330	-220,0	
1331	-217,2	
1332	-217,6	
1333	-221,2	
1334	-221,2	
1335	-216,9	
1336	-220,6	
1337	-221,5	
1338	-222,6	
1339	-221,9	
1340	-226,5	
1341	-217,1	
1342	-225,1	
1343	-223,9	
1344	-222,5	
1345	-221,7	
1346	-224,3	
1347	-226,6	
1348	-225,1	
1349	-225,5	
1350	-225,1	
1351	-226,5	
1352	-227,4	
1353	-225,7	
1354	-227,1	
1355	-228,3	
1356	-227,5	
1357	-227,7	
1358	-224,9	
1359	-227,5	
1360	-231,4	
1361	-231,3	
1362	-228,9	
1363	-228,2	
1364	-232,6	
1365	-232,0	
1366	-232,8	
1367	-226,9	
1368	-228,6	
1369	-228,5	
1370	-232,6	
1371	-231,5	
1372	-235,5	
1373	-229,8	
1374	-230,6	
1375	-230,5	
1376	-235,2	
1377	-236,2	
1378	-238,4	
1379	-236,9	
1380	-236,9	
1381	-228,0	
1382	-234,8	
1383	-234,7	
1384	-234,3	
1385	-238,1	
1386	-236,1	
1387	-234,8	
1388	-232,6	
1389	-236,6	
1390	-238,5	
1391	-236,4	
1392	-233,2	
1393	-236,0	
1394	-240,3	
1395	-236,9	
1396	-240,7	
1397	-240,8	
1398	-236,8	
1399	-232,8	
1400	-238,9	
1401	-240,5	
1402	-243,3	
1403	-237,4	
1404	-238,1	
1405	-242,6	
1406	-242,2	
1407	-232,2	
1408	-244,7	
1409	-241,2	
1410	-243,5	
1411	-233,4	
1412	-239,9	
1413	-238,7	
1414	-241,0	
1415	-244,6	
1416	-245,6	
1417	-244,4	
1418	-243,1	
1419	-239,6	
1420	-236,1	
1421	-244,7	
1422	-243,1	
1423	-245,1	
1424	-243,7	
1425	-246,8	
1426	-244,5	
1427	-248,0	
1428	-247,0	
1429	-241,8	
1430	-247,9	
1431	-249,0	
1432	-249,4	
1433	-248,4	
1434	-244,0	
1435	-251,5	
1436	-246,3	
1437	-250,1	
1438	-253,2	
1439	-245,1	
1440	-250,9	
1441	-253,3	
1442	-251,1	
1443	-250,2	
1444	-248,7	
1445	-252,1	
1446	-250,2	
1447	-252,0	
1448	-251,5	
1449	-245,2	
1450	-251,8	
1451	-253,3	
1452	-254,6	
1453	-254,5	
1454	-256,4	
1455	-251,1	
1456	-254,3	
1457	-248,5	
1458	-255,2	
1459	-257,5	
1460	-256,0	
1461	-252,5	
1462	-251,5	
1463	-258,4	
1464	-255,2	
1465	-259,1	
1466	-256,0	
1467	-257,7	
1468	-254,6	
1469	-251,0	
1470	-255,1	
1471	-254,9	
1472	-258,4	
1473	-260,9	
1474	-257,2	
1475	-260,3	
1476	-261,3	
1477	-260,0	
1478	-262,0	
1479	-258,7	
1480	-258,4	
1481	-255,7	
1482	-255,8	
1483	-257,8	
1484	-261,4	
1485	-259,6	
1486	-261,8	
1487	-257,1	
1488	-259,3	
1489	-261,3	
1490	-258,3	
1491	-261,1	
1492	-261,4	
1493	-255,8	
1494	-260,4	
1495	-265,7	
1496	-259,9	
1497	-257,1	
1498	-263,4	
1499	-260,9	
1500	-261,7	
1501	-265,2	
1502	-256,1	
1503	-266,0	
1504	-262,1	
1505	-266,6	
1506	-263,5	
1507	-262,0	
1508	-257,2	
1509	-264,8	
1510	-265,2	
1511	-263,3	
1512	-257,6	
1513	-259,3	
1514	-264,7	
1515	-266,3	
1516	-261,5	
1517	-263,3	
1518	-263,7	
1519	-265,9	
1520	-263,2	
1521	-263,2	
1522	-267,3	
1523	-268,2	
1524	-269,1	
1525	-268,3	
1526	-269,4	
1527	-268,5	
1528	-268,1	
1529	-268,0	
1530	-260,3	
1531	-269,1	
1532	-269,4	
1533	-270,7	
1534	-265,6	
1535	-271,8	
1536	-271,8	
1537	-271,7	
1538	-271,9	
1539	-273,9	
1540	-270,3	
1541	-271,7	
1542	-272,1	
1543	-272,9	
1544	-275,5	
1545	-276,6	
1546	-271,5	
1547	-274,6	
1548	-275,8	
1549	-276,5	
1550	-277,2	
1551	-278,8	
1552	-275,7	
1553	-275,2	
1554	-272,9	
1555	-274,2	
1556	-272,2	
1557	-271,7	
1558	-275,2	
1559	-271,9	
1560	-275,0	
1561	-278,7	
1562	-268,6	
1563	-275,3	
1564	-275,2	
1565	-274,7	
1566	-279,4	
1567	-277,0	
1568	-274,3	
1569	-278,7	
1570	-278,9	
1571	-268,5	
1572	-274,0	
1573	-277,2	
1574	-275,7	
1575	-275,7	
1576	-278,0	
1577	-276,1	
1578	-276,8	
1579	-278,0	
1580	-279,4	
1581	-274,0	
1582	-275,7	
1583	-277,6	
1584	-279,1	
1585	-282,1	
1586	-278,4	
1587	-272,0	
1588	-279,8	
1589	-282,9	
1590	-277,7	
1591	-281,5	
1592	-281,3	
1593	-280,3	
1594	-279,0	
1595	-286,1	
1596	-277,6	
1597	-280,9	
1598	-280,9	
1599	-283,7	
1600	-283,5	
1601	-285,3	
1602	-278,0	
1603	-285,7	
1604	-288,7	
1605	-268,5	
1606	-285,0	
1607	-278,0	
1608	-271,1	
1609	-289,4	
1610	-288,3	
1611	-289,1	
1612	-277,3	
1613	-288,6	
1614	-285,9	
1615	-285,8	
1616	-283,0	
1617	-276,5	
1618	-283,2	
1619	-283,2	
1620	-288,0	
1621	-284,3	
1622	-281,6	
1623	-278,6	
1624	-275,7	
1625	-284,6	
1626	-279,6	
1627	-284,5	
1628	-286,0	
1629	-284,8	
1630	-281,6	
1631	-286,4	
1632	-288,8	
1633	-284,2	
1634	-287,8	
1635	-286,5	
1636	-285,6	
1637	-285,6	
1638	-288,0	
1639	-286,2	
1640	-286,0	
1641	-290,7	
1642	-286,4	
1643	-285,5	
1644	-283,8	
1645	-289,7	
1646	-289,1	
1647	-287,3	
1648	-287,2	
1649	-287,6	
1650	-287,9	
1651	-289,0	
1652	-288,6	
1653	-287,5	
1654	-292,5	
1655	-291,4	
1656	-289,1	
1657	-292,4	
1658	-290,5	
1659	-284,6	
1660	-288,3	
1661	-287,1	
1662	-289,4	
1663	-295,0	
1664	-294,6	
1665	-293,5	
1666	-285,6	
1667	-287,9	
1668	-293,6	
1669	-291,2	
1670	-292,7	
1671	-291,4	
1672	-288,4	
1673	-288,1	
1674	-281,4	
1675	-282,9	
1676	-293,8	
1677	-292,0	
1678	-291,2	
1679	-292,1	
1680	-287,2	
1681	-284,8	
1682	-289,1	
1683	-289,2	
1684	-288,2	
1685	-293,5	
1686	-292,7	
1687	-283,6	
1688	-284,4	
1689	-294,1	
1690	-288,8	
1691	-285,7	
1692	-290,1	
1693	-294,2	
1694	-289,0	
1695	-289,3	
1696	-291,0	
1697	-284,4	
1698	-289,3	
1699	-293,0	
1700	-289,6	
1701	-292,3	
1702	-281,5	
1703	-291,0	
1704	-288,3	
1705	-290,6	
1706	-292,4	
1707	-291,2	
1708	-292,2	
1709	-279,1	
1710	-288,5	
1711	-288,5	
1712	-290,9	
1713	-291,2	
1714	-286,5	
1715	-292,7	
1716	-289,6	
1717	-289,3	
1718	-295,1	
1719	-283,5	
1720	-288,1	
1721	-289,3	
1722	-292,6	
1723	-284,5	
1724	-287,6	
1725	-292,2	
1726	-294,1	
1727	-292,9	
1728	-294,4	
1729	-295,7	
1730	-283,8	
1731	-296,6	
1732	-291,9	
1733	-289,4	
1734	-286,2	
1735	-289,7	
1736	-293,5	
1737	-289,5	
1738	-290,5	
1739	-290,1	
1740	-291,7	
1741	-293,3	
1742	-290,0	
1743	-291,4	
1744	-295,0	
1745	-291,9	
1746	-287,2	
1747	-296,1	
1748	-287,4	
1749	-294,7	
1750	-284,4	
1751	-297,6	
1752	-293,6	
1753	-291,3	
1754	-294,7	
1755	-293,6	
1756	-291,8	
1757	-292,9	
1758	-294,4	
1759	-294,4	
1760	-291,1	
1761	-297,1	
1762	-290,6	
1763	-289,2	
1764	-296,9	
1765	-293,4	
1766	-288,8	
1767	-288,3	
1768	-286,3	
1769	-292,9	
1770	-292,8	
1771	-296,1	
1772	-293,8	
1773	-296,2	
1774	-294,0	
1775	-295,1	
1776	-294,5	
1777	-296,2	
1778	-288,9	
1779	-293,2	
1780	-288,1	
1781	-292,4	
1782	-292,4	
1783	-293,1	
1784	-289,9	
1785	-286,8	
1786	-291,4	
1787	-290,8	
1788	-292,3	
1789	-293,3	
1790	-294,6	
1791	-297,5	
1792	-296,4	
1793	-286,8	
1794	-280,3	
1795	-292,8	
1796	-290,0	
1797	-288,9	
1798	-297,2	
1799	-290,6	
1800	-291,8	
1801	-290,7	
1802	-290,3	
1803	-292,6	
1804	-289,4	
1805	-289,6	
1806	-290,9	
1807	-289,5	
1808	-287,2	
1809	-287,7	
1810	-289,5	
1811	-292,4	
1812	-291,7	
1813	-286,2	
1814	-286,6	
1815	-291,2	
1816	-291,8	
1817	-292,9	
1818	-280,4	
1819	-288,9	
1820	-290,4	
1821	-281,9	
1822	-285,3	
1823	-292,5	
1824	-290,4	
1825	-289,5	
1826	-285,9	
1827	-289,6	
1828	-292,1	
1829	-293,5	
1830	-284,5	
1831	-286,8	
1832	-285,6	
1833	-289,7	
1834	-278,3	
1835	-291,0	
1836	-289,3	
1837	-283,4	
1838	-292,5	
1839	-290,4	
1840	-281,5	
1841	-286,8	
1842	-288,5	
1843	-283,9	
1844	-284,6	
1845	-292,3	
1846	-286,2	
1847	-291,6	
1848	-288,6	
1849	-284,7	
1850	-285,5	
1851	-280,0	
1852	-287,0	
1853	-288,3	
1854	-281,6	
1855	-279,4	
1856	-286,4	
1857	-287,0	
1858	-283,4	
1859	-281,4	
1860	-283,5	
1861	-286,1	
1862	-284,3	
1863	-285,4	
1864	-283,1	
1865	-275,5	
1866	-283,7	
1867	-281,4	
1868	-279,4	
1869	-279,2	
1870	-264,5	
1871	-288,6	
1872	-286,4	
1873	-283,3	
1874	-273,4	
1875	-280,2	
1876	-271,3	
1877	-284,7	
1878	-282,9	
1879	-274,6	
1880	-285,6	
1881	-280,2	
1882	-278,1	
1883	-285,1	
1884	-280,9	
1885	-273,0	
1886	-283,2	
1887	-283,9	
1888	-277,2	
1889	-281,3	
1890	-287,0	
1891	-271,6	
1892	-280,4	
1893	-283,4	
1894	-277,6	
1895	-275,4	
1896	-268,9	
1897	-277,9	
1898	-270,8	
1899	-281,4	
1900	-276,0	
1901	-278,3	
1902	-272,6	
1903	-276,4	
1904	-268,2	
1905	-277,5	
1906	-275,9	
1907	-280,1	
1908	-277,7	
1909	-275,3	
1910	-276,8	
1911	-275,9	
1912	-270,8	
1913	-273,8	
1914	-273,2	
1915	-273,2	
1916	-275,4	
1917	-273,8	
1918	-274,1	
1919	-270,1	
1920	-268,1	
1921	-269,7	
1922	-275,5	
1923	-270,7	
1924	-274,4	
1925	-270,9	
1926	-274,7	
1927	-273,4	
1928	-269,7	
1929	-272,3	
1930	-272,1	
1931	-273,0	
1932	-269,9	
1933	-270,7	
1934	-274,4	
1935	-265,8	
1936	-267,5	
1937	-267,7	
1938	-270,7	
1939	-266,1	
1940	-266,7	
1941	-259,9	
1942	-271,1	
1943	-265,5	
1944	-266,4	
1945	-259,4	
1946	-264,6	
1947	-269,8	
1948	-266,3	
1949	-265,4	
1950	-255,3	
1951	-266,0	
1952	-258,8	
1953	-262,3	
1954	-261,3	
1955	-264,9	
1956	-268,1	
1957	-268,7	
1958	-255,2	
1959	-263,6	
1960	-268,0	
1961	-264,5	
1962	-259,7	
1963	-264,2	
1964	-262,9	
1965	-260,7	
1966	-255,0	
1967	-254,9	
1968	-261,1	
1969	-259,5	
1970	-252,4	
1971	-259,0	
1972	-261,9	
1973	-259,3	
1974	-262,0	
1975	-262,4	
1976	-259,1	
1977	-258,9	
1978	-256,0	
1979	-255,0	
1980	-254,7	
1981	-257,8	
1982	-258,1	
1983	-254,3	
1984	-256,6	
1985	-256,8	
1986	-254,8	
1987	-254,1	
1988	-257,9	
1989	-254,1	
1990	-250,1	
1991	-252,3	
1992	-254,2	
1993	-252,1	
1994	-253,3	
1995	-251,7	
1996	-256,5	
1997	-255,5	
1998	-255,8	
1999	-251,4	
2000	-255,4	
2001	-256,1	
2002	-251,6	
2003	-254,4	
2004	-254,4	
2005	-248,0	
2006	-250,9	
2007	-255,6	
2008	-253,8	
2009	-249,9	
2010	-250,0	
2011	-247,9	
2012	-249,9	
2013	-247,7	
2014	-249,3	
2015	-251,3	
2016	-252,5	
2017	-248,0	
2018	-249,9	
2019	-248,8	
2020	-251,3	
2021	-247,4	
2022	-246,3	
2023	-246,6	
2024	-236,1	
2025	-247,8	
2026	-238,2	
2027	-245,7	
2028	-243,0	
2029	-240,5	
2030	-243,6	
2031	-243,9	
2032	-245,2	
2033	-241,1	
2034	-243,4	
2035	-243,1	
2036	-240,7	
2037	-244,0	
2038	-242,8	
2039	-234,9	
2040	-239,3	
2041	-238,3	
2042	-242,3	
2043	-240,2	
2044	-244,4	
2045	-238,1	
2046	-231,8	
2047	-236,9	
2048	-235,4	
2049	-241,3	
2050	-240,9	
2051	-234,4	
2052	-235,9	
2053	-236,8	
2054	-230,5	
2055	-236,9	
2056	-235,2	
2057	-237,2	
2058	-235,2	
2059	-236,4	
2060	-234,8	
2061	-235,7	
2062	-234,6	
2063	-233,2	
2064	-235,4	
2065	-234,4	
2066	-235,5	
2067	-232,6	
2068	-227,2	
2069	-235,8	
2070	-232,9	
2071	-229,7	
2072	-230,4	
2073	-230,6	
2074	-234,1	
2075	-235,2	
2076	-233,8	
2077	-228,2	
2078	-230,2	
2079	-228,5	
2080	-225,9	
2081	-226,7	
2082	-227,8	
2083	-227,3	
2084	-224,0	
2085	-222,8	
2086	-223,8	
2087	-226,1	
2088	-227,2	
2089	-222,2	
2090	-223,2	
2091	-224,1	
2092	-227,8	
2093	-223,9	
2094	-223,4	
2095	-222,5	
2096	-220,1	
2097	-218,8	
2098	-218,5	
2099	-222,2	
2100	-215,9	
2101	-217,1	
2102	-220,5	
2103	-220,7	
2104	-217,0	
2105	-216,0	
2106	-215,8	
2107	-210,2	
2108	-214,0	
2109	-216,0	
2110	-215,1	
2111	-214,1	
2112	-215,8	
2113	-213,9	
2114	-214,7	
2115	-210,1	
2116	-210,3	
2117	-209,1	
2118	-210,9	
2119	-210,9	
2120	-211,3	
2121	-213,8	
2122	-210,1	
2123	-212,5	
2124	-213,3	
2125	-211,0	
2126	-209,1	
2127	-209,8	
2128	-209,2	
2129	-204,4	
2130	-205,4	
2131	-208,0	
2132	-207,7	
2133	-206,9	
2134	-198,6	
2135	-210,1	
2136	-205,3	
2137	-207,8	
2138	-202,9	
2139	-204,2	
2140	-206,8	
2141	-203,7	
2142	-203,0	
2143	-208,9	
2144	-198,9	
2145	-200,2	
2146	-202,8	
2147	-193,9	
2148	-202,9	
2149	-198,4	
2150	-200,2	
2151	-203,4	
2152	-193,9	
2153	-195,7	
2154	-197,1	
2155	-199,3	
2156	-201,0	
2157	-199,4	
2158	-198,9	
2159	-200,1	
2160	-196,9	
2161	-195,2	
2162	-196,7	
2163	-199,2	
2164	-196,4	
2165	-193,3	
2166	-194,7	
2167	-195,9	
2168	-191,9	
2169	-193,6	
2170	-190,0	
2171	-186,3	
2172	-194,0	
2173	-187,9	
2174	-192,1	
2175	-177,7	
2176	-190,1	
2177	-189,3	
2178	-190,5	
2179	-192,9	
2180	-188,5	
2181	-188,6	
2182	-188,5	
2183	-188,5	
2184	-189,9	
2185	-182,0	
2186	-189,3	
2187	-188,3	
2188	-186,5	
2189	-190,8	
2190	-183,0	
2191	-185,4	
2192	-186,3	
2193	-183,9	
2194	-184,0	
2195	-182,5	
2196	-176,9	
2197	-176,5	
2198	-182,8	
2199	-180,4	
2200	-182,0	
2201	-178,6	
2202	-179,6	
2203	-177,0	
2204	-176,2	
2205	-180,1	
2206	-178,7	
2207	-175,8	
2208	-175,9	
2209	-178,2	
2210	-177,3	
2211	-178,3	
2212	-172,8	
2213	-176,0	
2214	-169,7	
2215	-173,0	
2216	-174,2	
2217	-175,1	
2218	-173,1	
2219	-177,5	
2220	-171,6	
2221	-174,7	
2222	-172,4	
2223	-168,5	
2224	-170,7	
2225	-168,1	
2226	-167,3	
2227	-165,7	
2228	-163,4	
2229	-163,2	
2230	-165,1	
2231	-166,6	
2232	-163,9	
2233	-164,4	
2234	-167,7	
2235	-163,6	
2236	-167,0	
2237	-165,2	
2238	-164,4	
2239	-163,3	
2240	-160,5	
2241	-163,5	
2242	-156,3	
2243	-159,7	
2244	-160,0	
2245	-155,0	
2246	-161,6	
2247	-158,7	
2248	-160,3	
2249	-159,1	
2250	-150,7	
2251	-152,7	
2252	-157,6	
2253	-153,9	
2254	-156,2	
2255	-156,5	
2256	-141,4	
2257	-153,4	
2258	-154,1	
2259	-139,8	
2260	-154,0	
2261	-153,1	
2262	-154,6	
2263	-147,3	
2264	-156,8	
2265	-157,1	
2266	-156,4	
2267	-155,1	
2268	-155,0	
2269	-155,5	
2270	-148,8	
2271	-145,5	
2272	-150,2	
2273	-143,3	
2274	-144,9	
2275	-144,3	
2276	-147,2	
2277	-143,3	
2278	-145,5	
2279	-141,2	
2280	-145,1	
2281	-146,3	
2282	-145,2	
2283	-145,2	
2284	-146,1	
2285	-145,5	
2286	-138,9	
2287	-138,7	
2288	-142,9	
2289	-137,3	
2290	-140,9	
2291	-140,2	
2292	-137,3	
2293	-138,7	
2294	-143,0	
2295	-141,3	
2296	-139,4	
2297	-138,7	
2298	-130,5	
2299	-139,8	
2300	-132,7	
2301	-139,8	
2302	-138,2	
2303	-135,6	
2304	-131,3	
2305	-133,6	
2306	-119,6	
2307	-130,5	
2308	-131,6	
2309	-130,9	
2310	-126,9	
2311	-128,8	
2312	-125,3	
2313	-125,3	
2314	-124,7	
2315	-126,9	
2316	-123,5	
2317	-129,5	
2318	-128,3	
2319	-126,3	
2320	-126,6	
2321	-122,2	
2322	-119,7	
2323	-123,6	
2324	-125,8	
2325	-120,3	
2326	-125,1	
2327	-126,3	
2328	-124,3	
2329	-121,5	
2330	-123,1	
2331	-124,0	
2332	-121,3	
2333	-114,2	
2334	-118,3	
2335	-117,8	
2336	-114,3	
2337	-117,4	
2338	-113,4	
2339	-112,2	
2340	-115,1	
2341	-115,0	
2342	-115,2	
2343	-112,4	
2344	-110,4	
2345	-110,0	
2346	-107,6	
2347	-112,7	
2348	-111,0	
2349	-114,2	
2350	-107,0	
2351	-110,4	
2352	-103,6	
2353	-111,6	
2354	-111,5	
2355	-108,6	
2356	-110,8	
2357	-108,6	
2358	-111,8	
2359	-105,0	
2360	-107,2	
2361	-109,0	
2362	-109,7	
2363	-101,7	
2364	-103,8	
2365	-102,9	
2366	-97,8	
2367	-104,9	
2368	-97,7	
2369	-100,1	
2370	-104,2	
2371	-100,5	
2372	-99,3	
2373	-103,1	
2374	-97,9	
2375	-100,3	
2376	-93,8	
2377	-104,1	
2378	-102,6	
2379	-96,9	
2380	-96,0	
2381	-98,6	
2382	-95,9	
2383	-87,8	
2384	-95,8	
2385	-96,9	
2386	-94,5	
2387	-92,7	
2388	-91,5	
2389	-90,5	
2390	-93,7	
2391	-94,0	
2392	-90,7	
2393	-96,4	
2394	-87,1	
2395	-91,2	
2396	-87,6	
2397	-84,2	
2398	-88,6	
2399	-88,0	
2400	-84,4	
2401	-85,5	
2402	-81,8	
2403	-81,1	
2404	-82,4	
2405	-87,7	
2406	-80,0	
2407	-85,1	
2408	-87,8	
2409	-76,8	
2410	-79,7	
2411	-84,6	
2412	-80,2	
2413	-83,3	
2414	-78,4	
2415	-83,4	
2416	-79,1	
2417	-80,2	
2418	-70,3	
2419	-75,9	
2420	-77,7	
2421	-79,0	
2422	-75,0	
2423	-74,2	
2424	-72,8	
2425	-76,4	
2426	-71,1	
2427	-74,5	
2428	-75,0	
2429	-70,1	
2430	-68,8	
2431	-73,7	
2432	-78,0	
2433	-73,7	
2434	-71,3	
2435	-71,2	
2436	-64,6	
2437	-62,9	
2438	-70,1	
2439	-67,3	
2440	-63,7	
2441	-67,6	
2442	-64,0	
2443	-63,4	
2444	-66,3	
2445	-64,4	
2446	-64,7	
2447	-62,8	
2448	-65,0	
2449	-59,6	
2450	-53,2	
2451	-60,6	
2452	-62,9	
2453	-59,7	
2454	-59,3	
2455	-56,6	
2456	-61,5	
2457	-58,6	
2458	-52,3	
2459	-56,5	
2460	-55,9	
2461	-57,3	
2462	-59,0	
2463	-58,5	
2464	-56,1	
2465	-53,8	
2466	-54,2	
2467	-50,1	
2468	-55,5	
2469	-50,9	
2470	-54,4	
2471	-53,8	
2472	-51,1	
2473	-53,9	
2474	-49,5	
2475	-51,3	
2476	-54,4	
2477	-48,4	
2478	-50,3	
2479	-38,5	
2480	-52,9	
2481	-46,5	
2482	-48,4	
2483	-47,1	
2484	-47,1	
2485	-44,4	
2486	-43,8	
2487	-48,5	
2488	-45,3	
2489	-36,5	
2490	-42,8	
2491	-38,0	
2492	-45,4	
2493	-37,3	
2494	-37,1	
2495	-37,9	
2496	-44,6	
2497	-37,7	
2498	-39,7	
2499	-33,8	
2500	-24,7	
2501	-28,5	
2502	-38,2	
2503	-34,7	
2504	-31,4	
2505	-33,8	
2506	-37,2	
2507	-36,7	
2508	-32,6	
2509	-32,5	
2510	-38,3	
2511	-33,0	
2512	-37,5	
2513	-20,0	
2514	-32,2	
2515	-32,9	
2516	-31,2	
2517	-32,5	
2518	-29,7	
2519	-27,2	
2520	-29,0	
2521	-28,3	
2522	-27,7	
2523	-20,8	
2524	-27,3	
2525	-22,0	
2526	-28,8	
2527	-28,5	
2528	-29,0	
2529	-23,9	
2530	-22,7	
2531	-21,3	
2532	-21,0	
2533	-20,6	
2534	-22,5	
2535	-27,2	
2536	-25,3	
2537	-19,3	
2538	-25,5	
2539	-25,1	
2540	-24,3	
2541	-25,3	
2542	-23,8	
2543	-24,2	
2544	-21,9	
2545	-15,6	
2546	-22,7	
2547	-21,7	
2548	-19,2	
2549	-22,0	
2550	-18,0	
2551	-8,3	
2552	-18,6	
2553	-19,2	
2554	-18,6	
2555	-14,7	
2556	-14,8	
2557	-16,9	
2558	-15,7	
2559	-5,6	
2560	-11,9	
2561	-15,2	
2562	-9,3	
2563	-13,1	
2564	-11,7	
2565	-11,5	
2566	-11,2	
2567	-8,7	
2568	-9,4	
2569	-7,3	
2570	3,8	
2571	-3,0	
2572	-6,8	
2573	-0,2	
2574	-6,4	
2575	-7,0	
2576	-8,3	
2577	-7,3	
2578	-7,2	
2579	-7,0	
2580	-4,3	
2581	-7,0	
2582	-4,7	
2583	-6,3	
2584	-5,0	
2585	9,9	
2586	-4,5	
2587	-5,9	
2588	-1,8	
2589	-3,4	
2590	-3,7	
