[HEADER]
H01=项目编号:
H02=项目注释:
H03=用户:
H04=测量日期:	21.04.2023
H05=测量时间:	16:25:03
H06=文件名称:	C:\Users\Test-02\Desktop\421HF\12左\file_03.dat
H07=车厢号码:
H08=轮副:
H09=轨道基本间距:	0
H10=轨迹偏移:	0
H11=测量点数:	2590
H12=测量:	好
H14=轮子:	L
H13=扩展注释:
[MeasurementData]
[mm] [µm]
0	0,0	
1	1,7	
2	2,6	
3	6,3	
4	2,3	
5	5,1	
6	9,4	
7	5,6	
8	9,2	
9	6,1	
10	3,5	
11	9,6	
12	5,1	
13	11,2	
14	8,1	
15	6,9	
16	10,9	
17	10,6	
18	10,1	
19	17,4	
20	12,4	
21	11,6	
22	11,4	
23	11,6	
24	10,0	
25	10,3	
26	10,5	
27	16,5	
28	19,2	
29	11,8	
30	9,4	
31	10,7	
32	12,8	
33	11,9	
34	12,3	
35	14,8	
36	12,4	
37	11,3	
38	8,8	
39	12,3	
40	12,0	
41	10,7	
42	14,4	
43	14,0	
44	9,7	
45	11,9	
46	15,5	
47	13,0	
48	13,4	
49	11,7	
50	12,1	
51	12,5	
52	15,2	
53	18,6	
54	21,2	
55	14,5	
56	13,4	
57	18,0	
58	16,1	
59	17,9	
60	17,4	
61	20,3	
62	23,7	
63	21,7	
64	18,2	
65	18,2	
66	18,4	
67	18,5	
68	20,7	
69	19,8	
70	22,7	
71	24,4	
72	21,6	
73	19,9	
74	21,6	
75	27,2	
76	25,0	
77	24,8	
78	24,8	
79	26,1	
80	25,3	
81	23,0	
82	25,4	
83	24,8	
84	27,4	
85	34,2	
86	28,2	
87	24,4	
88	37,1	
89	28,2	
90	32,0	
91	31,0	
92	34,0	
93	35,1	
94	31,1	
95	30,9	
96	28,9	
97	35,6	
98	28,5	
99	32,4	
100	31,2	
101	30,3	
102	29,4	
103	29,9	
104	33,3	
105	34,2	
106	30,5	
107	31,9	
108	33,5	
109	34,6	
110	34,6	
111	31,5	
112	33,4	
113	32,1	
114	35,6	
115	35,0	
116	31,6	
117	35,7	
118	31,3	
119	35,1	
120	34,3	
121	34,4	
122	37,0	
123	38,5	
124	36,4	
125	34,0	
126	40,3	
127	41,9	
128	35,2	
129	33,5	
130	38,3	
131	37,1	
132	37,6	
133	34,9	
134	42,6	
135	36,8	
136	44,0	
137	40,8	
138	34,6	
139	41,6	
140	40,7	
141	39,0	
142	35,8	
143	43,5	
144	36,2	
145	37,6	
146	39,7	
147	37,0	
148	38,8	
149	39,6	
150	41,3	
151	40,3	
152	40,7	
153	45,2	
154	41,6	
155	37,6	
156	43,1	
157	39,4	
158	48,8	
159	45,3	
160	51,8	
161	40,0	
162	45,0	
163	46,7	
164	43,4	
165	41,3	
166	44,7	
167	46,5	
168	45,4	
169	41,6	
170	44,6	
171	45,5	
172	41,0	
173	40,3	
174	40,2	
175	44,5	
176	41,4	
177	46,8	
178	40,5	
179	49,8	
180	45,3	
181	47,2	
182	43,7	
183	53,7	
184	43,0	
185	51,5	
186	49,5	
187	44,3	
188	49,3	
189	47,5	
190	48,0	
191	47,1	
192	51,8	
193	49,9	
194	51,4	
195	48,3	
196	52,5	
197	50,8	
198	45,1	
199	46,2	
200	54,8	
201	46,0	
202	46,5	
203	53,3	
204	46,5	
205	49,7	
206	46,4	
207	47,2	
208	45,7	
209	48,0	
210	45,3	
211	51,2	
212	46,2	
213	48,9	
214	46,1	
215	49,6	
216	48,1	
217	46,0	
218	49,3	
219	48,0	
220	45,9	
221	45,1	
222	47,9	
223	47,4	
224	47,8	
225	46,5	
226	47,2	
227	47,5	
228	46,2	
229	48,2	
230	48,0	
231	45,6	
232	46,0	
233	47,0	
234	46,9	
235	47,1	
236	46,7	
237	49,1	
238	47,7	
239	46,7	
240	46,3	
241	46,1	
242	47,9	
243	45,9	
244	45,7	
245	46,9	
246	47,2	
247	46,8	
248	50,8	
249	52,9	
250	49,2	
251	47,9	
252	49,8	
253	49,1	
254	49,3	
255	51,3	
256	50,8	
257	49,8	
258	48,0	
259	56,2	
260	51,7	
261	48,8	
262	53,2	
263	47,5	
264	51,3	
265	50,7	
266	50,3	
267	51,0	
268	49,6	
269	48,7	
270	49,3	
271	49,3	
272	52,6	
273	48,3	
274	53,3	
275	49,8	
276	51,4	
277	50,4	
278	48,5	
279	49,3	
280	52,1	
281	49,5	
282	48,6	
283	53,1	
284	53,7	
285	52,4	
286	51,4	
287	51,8	
288	51,5	
289	50,6	
290	51,8	
291	53,9	
292	52,9	
293	56,9	
294	51,9	
295	50,5	
296	50,7	
297	49,9	
298	49,1	
299	49,6	
300	50,4	
301	49,9	
302	54,0	
303	52,8	
304	54,0	
305	52,1	
306	49,4	
307	56,5	
308	54,8	
309	51,6	
310	53,7	
311	51,1	
312	55,1	
313	59,2	
314	50,7	
315	51,1	
316	50,9	
317	51,9	
318	49,2	
319	51,8	
320	48,5	
321	54,6	
322	51,0	
323	51,3	
324	47,8	
325	49,9	
326	50,4	
327	47,5	
328	46,6	
329	47,7	
330	55,9	
331	46,6	
332	46,1	
333	44,0	
334	45,5	
335	43,9	
336	44,3	
337	44,5	
338	44,4	
339	45,9	
340	44,5	
341	44,7	
342	45,3	
343	44,4	
344	44,1	
345	44,8	
346	44,5	
347	48,4	
348	47,7	
349	46,3	
350	46,0	
351	49,3	
352	45,8	
353	46,7	
354	43,0	
355	49,8	
356	45,7	
357	50,2	
358	46,1	
359	45,9	
360	45,0	
361	48,9	
362	46,0	
363	44,3	
364	44,5	
365	43,5	
366	46,0	
367	46,7	
368	45,5	
369	44,1	
370	45,1	
371	43,5	
372	44,6	
373	50,6	
374	46,6	
375	42,4	
376	43,0	
377	40,6	
378	43,0	
379	45,7	
380	42,7	
381	42,8	
382	43,1	
383	42,0	
384	44,9	
385	41,7	
386	42,1	
387	44,5	
388	39,8	
389	48,1	
390	41,5	
391	40,8	
392	41,0	
393	39,9	
394	44,0	
395	40,1	
396	43,6	
397	39,7	
398	40,7	
399	39,8	
400	39,4	
401	44,9	
402	40,5	
403	42,0	
404	42,3	
405	44,0	
406	43,5	
407	40,6	
408	44,2	
409	45,1	
410	40,7	
411	44,5	
412	41,0	
413	40,9	
414	41,7	
415	39,3	
416	39,9	
417	38,7	
418	42,0	
419	38,9	
420	38,9	
421	38,4	
422	36,7	
423	39,5	
424	40,8	
425	40,1	
426	38,6	
427	39,4	
428	38,8	
429	42,7	
430	38,3	
431	38,5	
432	37,7	
433	40,3	
434	37,0	
435	37,7	
436	37,4	
437	37,8	
438	36,0	
439	36,3	
440	37,4	
441	37,8	
442	35,3	
443	37,2	
444	35,6	
445	37,2	
446	37,7	
447	34,7	
448	39,5	
449	35,6	
450	34,0	
451	35,1	
452	34,8	
453	37,9	
454	34,8	
455	34,2	
456	40,5	
457	35,7	
458	33,4	
459	35,3	
460	34,8	
461	34,8	
462	33,1	
463	33,8	
464	33,8	
465	32,4	
466	32,7	
467	33,8	
468	32,3	
469	33,3	
470	32,4	
471	31,2	
472	31,9	
473	33,6	
474	30,7	
475	39,4	
476	34,2	
477	31,3	
478	32,3	
479	31,9	
480	35,0	
481	30,5	
482	33,2	
483	30,7	
484	30,4	
485	32,6	
486	30,8	
487	29,9	
488	33,5	
489	30,4	
490	32,4	
491	33,8	
492	30,3	
493	32,4	
494	26,8	
495	32,7	
496	29,2	
497	31,2	
498	31,0	
499	27,5	
500	30,5	
501	26,7	
502	28,8	
503	24,0	
504	25,0	
505	25,3	
506	23,9	
507	35,1	
508	27,3	
509	26,1	
510	23,7	
511	30,5	
512	24,9	
513	23,7	
514	21,2	
515	25,2	
516	22,8	
517	22,6	
518	29,0	
519	25,3	
520	34,2	
521	26,7	
522	27,8	
523	29,8	
524	34,3	
525	33,9	
526	26,2	
527	25,9	
528	24,8	
529	26,5	
530	25,8	
531	24,8	
532	29,6	
533	22,9	
534	21,0	
535	31,4	
536	22,6	
537	25,2	
538	19,8	
539	18,5	
540	20,4	
541	25,7	
542	20,3	
543	30,2	
544	22,6	
545	24,4	
546	27,0	
547	17,9	
548	23,3	
549	19,3	
550	22,0	
551	17,7	
552	17,2	
553	24,0	
554	20,1	
555	16,0	
556	20,0	
557	16,3	
558	18,6	
559	15,2	
560	19,4	
561	23,7	
562	18,0	
563	15,9	
564	17,7	
565	17,5	
566	13,5	
567	15,1	
568	15,9	
569	16,1	
570	19,4	
571	16,3	
572	19,6	
573	17,0	
574	16,3	
575	13,2	
576	13,8	
577	11,0	
578	11,3	
579	10,7	
580	13,1	
581	14,7	
582	19,8	
583	13,6	
584	12,1	
585	12,4	
586	11,9	
587	13,3	
588	9,0	
589	11,9	
590	14,2	
591	10,1	
592	17,7	
593	10,4	
594	18,4	
595	13,1	
596	10,3	
597	11,6	
598	5,8	
599	9,1	
600	11,4	
601	13,6	
602	4,4	
603	5,1	
604	15,3	
605	4,4	
606	2,5	
607	11,6	
608	6,9	
609	0,9	
610	10,0	
611	6,5	
612	14,5	
613	7,2	
614	1,1	
615	3,1	
616	0,8	
617	2,6	
618	-1,1	
619	0,2	
620	0,8	
621	0,7	
622	-0,8	
623	-1,6	
624	0,1	
625	-1,4	
626	0,1	
627	3,4	
628	-4,3	
629	3,6	
630	2,0	
631	-4,4	
632	2,6	
633	-2,0	
634	-4,1	
635	-1,3	
636	1,8	
637	1,3	
638	0,1	
639	2,1	
640	-3,3	
641	-3,2	
642	3,9	
643	-5,3	
644	3,1	
645	-3,9	
646	-3,4	
647	-7,1	
648	-3,8	
649	-1,1	
650	-0,8	
651	-6,2	
652	-9,5	
653	0,8	
654	-6,7	
655	-9,9	
656	-6,2	
657	-6,7	
658	-9,8	
659	-8,9	
660	-11,0	
661	-10,2	
662	-3,6	
663	-11,8	
664	-8,1	
665	-9,1	
666	-11,5	
667	-9,5	
668	-12,1	
669	-9,8	
670	-12,4	
671	-3,2	
672	-10,9	
673	-7,7	
674	-11,0	
675	-6,6	
676	-13,4	
677	-6,8	
678	-13,5	
679	-14,1	
680	-12,8	
681	-9,0	
682	-14,6	
683	-12,3	
684	-19,3	
685	-10,5	
686	-17,2	
687	-14,7	
688	-16,1	
689	-16,7	
690	-15,7	
691	-15,8	
692	-11,2	
693	-17,6	
694	-18,1	
695	-17,0	
696	-16,4	
697	-20,9	
698	-16,6	
699	-18,0	
700	-17,0	
701	-12,7	
702	-19,6	
703	-20,1	
704	-17,4	
705	-18,9	
706	-24,3	
707	-18,7	
708	-18,9	
709	-23,0	
710	-14,5	
711	-18,1	
712	-21,1	
713	-26,8	
714	-23,9	
715	-24,5	
716	-29,9	
717	-28,8	
718	-24,2	
719	-24,2	
720	-29,4	
721	-23,4	
722	-24,3	
723	-23,2	
724	-29,4	
725	-28,0	
726	-27,1	
727	-32,7	
728	-31,7	
729	-30,4	
730	-30,5	
731	-20,3	
732	-26,9	
733	-29,1	
734	-30,1	
735	-32,5	
736	-35,1	
737	-33,9	
738	-32,0	
739	-21,1	
740	-27,4	
741	-25,8	
742	-20,7	
743	-31,7	
744	-31,8	
745	-30,8	
746	-34,6	
747	-33,6	
748	-35,2	
749	-26,3	
750	-36,8	
751	-35,7	
752	-26,8	
753	-38,2	
754	-30,8	
755	-33,7	
756	-30,0	
757	-40,9	
758	-33,2	
759	-31,3	
760	-36,8	
761	-36,4	
762	-38,4	
763	-37,1	
764	-37,1	
765	-42,5	
766	-36,5	
767	-34,6	
768	-44,2	
769	-38,9	
770	-40,7	
771	-45,0	
772	-45,2	
773	-46,0	
774	-43,9	
775	-43,1	
776	-43,6	
777	-45,3	
778	-42,6	
779	-45,5	
780	-45,5	
781	-45,8	
782	-44,4	
783	-45,1	
784	-36,7	
785	-42,0	
786	-44,4	
787	-41,3	
788	-47,5	
789	-43,8	
790	-48,0	
791	-45,9	
792	-49,9	
793	-43,6	
794	-50,3	
795	-46,9	
796	-48,6	
797	-50,0	
798	-43,2	
799	-51,6	
800	-55,3	
801	-46,2	
802	-51,1	
803	-48,7	
804	-50,9	
805	-50,3	
806	-54,5	
807	-53,9	
808	-49,3	
809	-51,0	
810	-46,9	
811	-53,0	
812	-52,8	
813	-54,1	
814	-53,4	
815	-53,5	
816	-58,4	
817	-54,6	
818	-55,3	
819	-58,1	
820	-60,2	
821	-61,5	
822	-59,2	
823	-57,3	
824	-56,2	
825	-62,2	
826	-62,8	
827	-64,2	
828	-62,5	
829	-63,3	
830	-63,3	
831	-59,3	
832	-66,0	
833	-64,6	
834	-66,2	
835	-69,4	
836	-67,0	
837	-64,5	
838	-65,6	
839	-67,9	
840	-63,1	
841	-66,0	
842	-61,9	
843	-66,1	
844	-57,9	
845	-65,7	
846	-68,8	
847	-65,1	
848	-68,4	
849	-68,9	
850	-65,3	
851	-69,0	
852	-65,3	
853	-66,6	
854	-66,1	
855	-68,9	
856	-70,1	
857	-70,3	
858	-66,3	
859	-75,5	
860	-76,6	
861	-77,2	
862	-76,3	
863	-74,5	
864	-72,6	
865	-73,6	
866	-73,5	
867	-64,5	
868	-75,8	
869	-74,1	
870	-74,4	
871	-71,3	
872	-73,3	
873	-75,8	
874	-78,1	
875	-80,4	
876	-70,8	
877	-70,8	
878	-72,2	
879	-76,9	
880	-71,5	
881	-78,8	
882	-74,0	
883	-73,0	
884	-74,3	
885	-74,5	
886	-78,9	
887	-69,7	
888	-80,9	
889	-79,8	
890	-79,7	
891	-76,6	
892	-81,1	
893	-79,0	
894	-83,8	
895	-83,9	
896	-74,1	
897	-77,4	
898	-85,7	
899	-82,1	
900	-83,4	
901	-82,3	
902	-82,7	
903	-86,8	
904	-84,1	
905	-88,8	
906	-88,4	
907	-84,1	
908	-87,8	
909	-85,7	
910	-89,1	
911	-84,0	
912	-91,4	
913	-91,0	
914	-86,4	
915	-88,1	
916	-90,5	
917	-84,8	
918	-89,9	
919	-90,8	
920	-87,5	
921	-93,3	
922	-92,8	
923	-91,8	
924	-94,1	
925	-83,9	
926	-92,5	
927	-92,5	
928	-90,4	
929	-89,6	
930	-91,8	
931	-96,4	
932	-93,1	
933	-94,4	
934	-92,5	
935	-94,5	
936	-92,8	
937	-92,6	
938	-93,9	
939	-97,7	
940	-97,4	
941	-97,4	
942	-98,3	
943	-99,4	
944	-98,3	
945	-99,1	
946	-99,9	
947	-99,7	
948	-94,5	
949	-102,5	
950	-100,4	
951	-100,9	
952	-102,2	
953	-101,9	
954	-103,4	
955	-100,8	
956	-94,0	
957	-98,6	
958	-103,2	
959	-104,1	
960	-98,5	
961	-103,2	
962	-104,6	
963	-102,8	
964	-106,8	
965	-104,6	
966	-104,5	
967	-101,5	
968	-105,8	
969	-103,0	
970	-104,7	
971	-107,3	
972	-105,9	
973	-108,2	
974	-105,7	
975	-108,8	
976	-109,0	
977	-109,8	
978	-105,5	
979	-101,7	
980	-110,6	
981	-109,2	
982	-111,6	
983	-107,7	
984	-112,6	
985	-112,5	
986	-113,0	
987	-114,9	
988	-113,3	
989	-115,2	
990	-114,8	
991	-116,5	
992	-113,9	
993	-111,1	
994	-116,3	
995	-116,7	
996	-116,0	
997	-116,6	
998	-117,6	
999	-118,0	
1000	-116,0	
1001	-115,5	
1002	-118,8	
1003	-119,8	
1004	-116,2	
1005	-116,2	
1006	-120,1	
1007	-120,2	
1008	-115,3	
1009	-114,3	
1010	-118,4	
1011	-121,0	
1012	-121,3	
1013	-120,1	
1014	-124,1	
1015	-120,6	
1016	-125,3	
1017	-121,8	
1018	-126,0	
1019	-125,6	
1020	-125,6	
1021	-122,5	
1022	-122,6	
1023	-122,6	
1024	-115,0	
1025	-122,6	
1026	-123,6	
1027	-125,3	
1028	-127,9	
1029	-127,0	
1030	-125,2	
1031	-128,0	
1032	-111,3	
1033	-128,8	
1034	-126,6	
1035	-126,7	
1036	-127,1	
1037	-124,9	
1038	-123,0	
1039	-130,4	
1040	-129,6	
1041	-127,4	
1042	-130,3	
1043	-128,6	
1044	-127,7	
1045	-129,6	
1046	-128,8	
1047	-130,8	
1048	-128,8	
1049	-130,3	
1050	-133,9	
1051	-131,6	
1052	-133,6	
1053	-129,6	
1054	-134,1	
1055	-136,8	
1056	-132,3	
1057	-136,2	
1058	-134,2	
1059	-130,5	
1060	-136,9	
1061	-133,4	
1062	-140,2	
1063	-138,4	
1064	-134,2	
1065	-139,9	
1066	-140,7	
1067	-141,0	
1068	-140,5	
1069	-142,1	
1070	-140,8	
1071	-143,5	
1072	-142,9	
1073	-139,8	
1074	-142,8	
1075	-144,5	
1076	-139,2	
1077	-137,6	
1078	-141,8	
1079	-143,4	
1080	-139,5	
1081	-145,1	
1082	-146,9	
1083	-146,1	
1084	-146,6	
1085	-142,1	
1086	-142,7	
1087	-147,9	
1088	-146,4	
1089	-148,2	
1090	-148,1	
1091	-148,6	
1092	-143,8	
1093	-144,9	
1094	-150,8	
1095	-150,3	
1096	-149,1	
1097	-153,2	
1098	-150,4	
1099	-151,8	
1100	-150,1	
1101	-150,1	
1102	-151,3	
1103	-148,5	
1104	-153,6	
1105	-152,2	
1106	-155,0	
1107	-155,0	
1108	-154,6	
1109	-152,5	
1110	-146,4	
1111	-153,6	
1112	-153,9	
1113	-151,3	
1114	-148,5	
1115	-155,9	
1116	-154,8	
1117	-147,6	
1118	-156,4	
1119	-151,6	
1120	-158,0	
1121	-155,3	
1122	-160,0	
1123	-159,2	
1124	-140,7	
1125	-159,1	
1126	-160,9	
1127	-160,6	
1128	-158,2	
1129	-162,1	
1130	-163,0	
1131	-164,9	
1132	-163,5	
1133	-158,8	
1134	-164,0	
1135	-164,2	
1136	-164,6	
1137	-163,1	
1138	-159,6	
1139	-162,2	
1140	-165,6	
1141	-166,8	
1142	-167,4	
1143	-166,2	
1144	-162,9	
1145	-166,2	
1146	-167,2	
1147	-166,8	
1148	-161,9	
1149	-168,6	
1150	-166,4	
1151	-164,2	
1152	-164,5	
1153	-166,9	
1154	-169,7	
1155	-170,7	
1156	-168,9	
1157	-171,3	
1158	-166,1	
1159	-171,8	
1160	-172,4	
1161	-170,2	
1162	-164,6	
1163	-171,0	
1164	-171,4	
1165	-173,1	
1166	-174,8	
1167	-172,9	
1168	-174,2	
1169	-175,2	
1170	-169,6	
1171	-174,5	
1172	-174,9	
1173	-177,1	
1174	-172,4	
1175	-177,2	
1176	-175,9	
1177	-177,2	
1178	-175,8	
1179	-175,6	
1180	-179,6	
1181	-169,3	
1182	-178,6	
1183	-173,1	
1184	-179,6	
1185	-179,2	
1186	-179,8	
1187	-177,2	
1188	-178,6	
1189	-180,1	
1190	-173,8	
1191	-175,9	
1192	-178,2	
1193	-180,0	
1194	-181,7	
1195	-176,4	
1196	-177,9	
1197	-182,3	
1198	-179,4	
1199	-179,2	
1200	-161,0	
1201	-185,2	
1202	-187,8	
1203	-187,0	
1204	-188,6	
1205	-187,0	
1206	-189,5	
1207	-191,3	
1208	-185,3	
1209	-185,4	
1210	-189,3	
1211	-191,9	
1212	-191,7	
1213	-191,4	
1214	-190,8	
1215	-190,0	
1216	-182,5	
1217	-189,3	
1218	-185,4	
1219	-187,7	
1220	-190,3	
1221	-189,5	
1222	-188,5	
1223	-183,6	
1224	-186,2	
1225	-191,9	
1226	-188,5	
1227	-190,2	
1228	-189,9	
1229	-178,9	
1230	-193,9	
1231	-193,9	
1232	-194,8	
1233	-196,9	
1234	-195,3	
1235	-197,5	
1236	-192,1	
1237	-199,9	
1238	-200,5	
1239	-198,5	
1240	-197,6	
1241	-194,7	
1242	-195,9	
1243	-193,2	
1244	-198,0	
1245	-200,7	
1246	-200,9	
1247	-200,5	
1248	-198,8	
1249	-198,8	
1250	-202,6	
1251	-200,6	
1252	-190,1	
1253	-202,4	
1254	-203,9	
1255	-201,9	
1256	-202,4	
1257	-204,4	
1258	-201,2	
1259	-200,4	
1260	-205,0	
1261	-196,4	
1262	-205,6	
1263	-206,3	
1264	-204,4	
1265	-206,9	
1266	-204,3	
1267	-204,4	
1268	-210,3	
1269	-209,0	
1270	-202,4	
1271	-207,4	
1272	-193,7	
1273	-209,8	
1274	-204,5	
1275	-211,4	
1276	-210,1	
1277	-212,2	
1278	-210,6	
1279	-212,8	
1280	-211,5	
1281	-211,1	
1282	-214,0	
1283	-209,8	
1284	-210,6	
1285	-212,4	
1286	-213,8	
1287	-217,4	
1288	-216,4	
1289	-213,4	
1290	-212,4	
1291	-212,8	
1292	-213,3	
1293	-219,0	
1294	-208,4	
1295	-211,9	
1296	-215,9	
1297	-214,4	
1298	-214,1	
1299	-216,2	
1300	-215,5	
1301	-217,2	
1302	-214,1	
1303	-219,4	
1304	-218,7	
1305	-220,3	
1306	-217,8	
1307	-217,1	
1308	-212,6	
1309	-214,3	
1310	-220,6	
1311	-220,5	
1312	-216,0	
1313	-218,1	
1314	-228,2	
1315	-227,3	
1316	-226,2	
1317	-227,5	
1318	-229,5	
1319	-219,2	
1320	-222,8	
1321	-219,0	
1322	-219,6	
1323	-222,1	
1324	-224,5	
1325	-222,0	
1326	-219,8	
1327	-226,3	
1328	-215,6	
1329	-226,4	
1330	-227,4	
1331	-223,5	
1332	-224,4	
1333	-226,9	
1334	-225,7	
1335	-229,6	
1336	-223,8	
1337	-226,0	
1338	-229,9	
1339	-219,6	
1340	-226,5	
1341	-231,8	
1342	-229,6	
1343	-228,3	
1344	-230,4	
1345	-232,7	
1346	-229,5	
1347	-220,0	
1348	-232,2	
1349	-228,3	
1350	-232,8	
1351	-230,0	
1352	-227,0	
1353	-233,3	
1354	-233,7	
1355	-229,7	
1356	-232,2	
1357	-233,1	
1358	-233,3	
1359	-237,8	
1360	-232,5	
1361	-237,2	
1362	-226,6	
1363	-239,4	
1364	-240,6	
1365	-239,5	
1366	-241,8	
1367	-236,7	
1368	-240,4	
1369	-236,3	
1370	-240,7	
1371	-240,6	
1372	-244,4	
1373	-237,8	
1374	-238,6	
1375	-246,3	
1376	-239,2	
1377	-246,2	
1378	-240,9	
1379	-247,4	
1380	-240,8	
1381	-247,0	
1382	-244,4	
1383	-243,3	
1384	-244,8	
1385	-240,2	
1386	-243,0	
1387	-240,0	
1388	-243,5	
1389	-243,9	
1390	-242,7	
1391	-243,8	
1392	-237,1	
1393	-245,8	
1394	-242,3	
1395	-244,6	
1396	-242,7	
1397	-246,1	
1398	-238,7	
1399	-245,4	
1400	-250,0	
1401	-246,2	
1402	-250,2	
1403	-244,5	
1404	-247,8	
1405	-244,3	
1406	-251,3	
1407	-250,8	
1408	-245,2	
1409	-252,3	
1410	-244,3	
1411	-232,6	
1412	-248,1	
1413	-249,2	
1414	-248,0	
1415	-251,4	
1416	-251,7	
1417	-251,2	
1418	-251,5	
1419	-253,5	
1420	-253,2	
1421	-251,5	
1422	-251,3	
1423	-249,3	
1424	-253,6	
1425	-252,0	
1426	-250,0	
1427	-250,0	
1428	-252,1	
1429	-255,9	
1430	-251,7	
1431	-253,8	
1432	-250,2	
1433	-252,9	
1434	-255,0	
1435	-251,9	
1436	-258,3	
1437	-257,5	
1438	-253,2	
1439	-260,0	
1440	-256,3	
1441	-254,1	
1442	-257,0	
1443	-257,1	
1444	-255,5	
1445	-256,4	
1446	-257,9	
1447	-256,2	
1448	-256,3	
1449	-255,4	
1450	-259,7	
1451	-259,7	
1452	-261,5	
1453	-260,4	
1454	-262,1	
1455	-259,6	
1456	-259,4	
1457	-262,0	
1458	-257,9	
1459	-263,0	
1460	-260,5	
1461	-259,2	
1462	-261,6	
1463	-264,8	
1464	-260,4	
1465	-260,4	
1466	-265,7	
1467	-264,1	
1468	-261,9	
1469	-261,9	
1470	-256,5	
1471	-264,2	
1472	-270,1	
1473	-266,7	
1474	-269,3	
1475	-269,4	
1476	-270,2	
1477	-268,3	
1478	-267,0	
1479	-267,5	
1480	-263,9	
1481	-264,3	
1482	-264,2	
1483	-266,7	
1484	-263,1	
1485	-268,3	
1486	-265,6	
1487	-268,6	
1488	-267,6	
1489	-268,6	
1490	-265,2	
1491	-267,3	
1492	-269,3	
1493	-266,7	
1494	-270,4	
1495	-267,2	
1496	-264,8	
1497	-270,9	
1498	-268,4	
1499	-266,9	
1500	-271,2	
1501	-261,1	
1502	-272,6	
1503	-269,7	
1504	-273,2	
1505	-272,0	
1506	-265,4	
1507	-266,8	
1508	-271,1	
1509	-273,3	
1510	-270,8	
1511	-257,0	
1512	-264,1	
1513	-270,8	
1514	-268,2	
1515	-263,2	
1516	-272,1	
1517	-272,0	
1518	-271,8	
1519	-267,0	
1520	-271,1	
1521	-273,9	
1522	-275,7	
1523	-274,3	
1524	-272,8	
1525	-271,3	
1526	-273,7	
1527	-273,1	
1528	-273,6	
1529	-266,2	
1530	-273,8	
1531	-273,1	
1532	-276,9	
1533	-267,7	
1534	-270,0	
1535	-279,7	
1536	-275,0	
1537	-274,6	
1538	-278,0	
1539	-273,4	
1540	-279,2	
1541	-276,6	
1542	-277,1	
1543	-268,5	
1544	-280,4	
1545	-277,5	
1546	-266,1	
1547	-279,8	
1548	-280,8	
1549	-281,8	
1550	-277,0	
1551	-276,7	
1552	-279,6	
1553	-281,4	
1554	-282,0	
1555	-278,2	
1556	-277,7	
1557	-276,7	
1558	-278,2	
1559	-281,0	
1560	-282,1	
1561	-281,6	
1562	-282,0	
1563	-282,6	
1564	-280,6	
1565	-281,1	
1566	-283,2	
1567	-280,1	
1568	-283,9	
1569	-284,5	
1570	-277,2	
1571	-285,3	
1572	-284,3	
1573	-283,0	
1574	-283,5	
1575	-277,5	
1576	-281,6	
1577	-281,2	
1578	-286,3	
1579	-285,3	
1580	-284,1	
1581	-279,6	
1582	-278,6	
1583	-285,7	
1584	-282,8	
1585	-283,8	
1586	-281,3	
1587	-284,6	
1588	-285,9	
1589	-285,2	
1590	-287,5	
1591	-281,8	
1592	-286,1	
1593	-280,3	
1594	-287,1	
1595	-287,3	
1596	-284,3	
1597	-284,6	
1598	-281,0	
1599	-291,6	
1600	-290,3	
1601	-288,5	
1602	-291,7	
1603	-292,9	
1604	-278,9	
1605	-286,8	
1606	-289,6	
1607	-283,7	
1608	-294,5	
1609	-293,2	
1610	-293,5	
1611	-279,2	
1612	-289,5	
1613	-292,2	
1614	-289,5	
1615	-291,4	
1616	-282,7	
1617	-292,2	
1618	-286,0	
1619	-290,3	
1620	-288,0	
1621	-286,6	
1622	-293,0	
1623	-280,5	
1624	-283,4	
1625	-287,1	
1626	-290,6	
1627	-292,0	
1628	-290,3	
1629	-283,9	
1630	-289,3	
1631	-287,6	
1632	-283,5	
1633	-293,2	
1634	-287,4	
1635	-293,8	
1636	-293,1	
1637	-290,2	
1638	-292,5	
1639	-289,8	
1640	-286,5	
1641	-289,8	
1642	-289,1	
1643	-287,1	
1644	-289,8	
1645	-289,2	
1646	-295,4	
1647	-296,6	
1648	-294,5	
1649	-292,8	
1650	-294,9	
1651	-297,5	
1652	-291,6	
1653	-293,5	
1654	-295,2	
1655	-294,6	
1656	-301,3	
1657	-299,6	
1658	-286,6	
1659	-282,0	
1660	-299,7	
1661	-299,2	
1662	-298,0	
1663	-300,5	
1664	-296,7	
1665	-299,2	
1666	-290,9	
1667	-293,8	
1668	-300,2	
1669	-296,0	
1670	-293,9	
1671	-296,4	
1672	-294,3	
1673	-294,7	
1674	-290,5	
1675	-295,9	
1676	-297,0	
1677	-295,1	
1678	-292,7	
1679	-293,0	
1680	-290,8	
1681	-286,5	
1682	-292,6	
1683	-295,5	
1684	-296,6	
1685	-297,9	
1686	-296,1	
1687	-288,3	
1688	-293,6	
1689	-301,3	
1690	-292,3	
1691	-288,3	
1692	-289,0	
1693	-299,6	
1694	-288,8	
1695	-297,2	
1696	-298,2	
1697	-287,1	
1698	-296,0	
1699	-299,0	
1700	-296,6	
1701	-296,4	
1702	-292,9	
1703	-295,1	
1704	-294,6	
1705	-294,9	
1706	-291,6	
1707	-287,9	
1708	-287,9	
1709	-297,9	
1710	-283,3	
1711	-294,9	
1712	-296,0	
1713	-297,4	
1714	-288,3	
1715	-293,4	
1716	-298,8	
1717	-288,0	
1718	-287,5	
1719	-289,9	
1720	-294,4	
1721	-284,2	
1722	-299,2	
1723	-293,0	
1724	-294,1	
1725	-293,8	
1726	-294,5	
1727	-295,1	
1728	-293,6	
1729	-298,5	
1730	-294,5	
1731	-300,2	
1732	-294,0	
1733	-299,7	
1734	-299,6	
1735	-290,7	
1736	-298,3	
1737	-294,4	
1738	-296,3	
1739	-296,5	
1740	-287,7	
1741	-294,7	
1742	-297,9	
1743	-298,7	
1744	-297,2	
1745	-295,9	
1746	-294,2	
1747	-292,5	
1748	-296,7	
1749	-292,7	
1750	-299,3	
1751	-293,8	
1752	-301,0	
1753	-292,3	
1754	-298,8	
1755	-296,2	
1756	-297,1	
1757	-299,4	
1758	-296,6	
1759	-300,5	
1760	-293,4	
1761	-298,8	
1762	-300,7	
1763	-302,3	
1764	-299,2	
1765	-300,5	
1766	-299,5	
1767	-302,0	
1768	-301,9	
1769	-300,1	
1770	-299,5	
1771	-297,3	
1772	-297,7	
1773	-301,6	
1774	-294,9	
1775	-299,2	
1776	-299,0	
1777	-296,4	
1778	-298,7	
1779	-299,2	
1780	-302,7	
1781	-299,1	
1782	-296,4	
1783	-302,8	
1784	-295,8	
1785	-297,8	
1786	-295,5	
1787	-295,4	
1788	-294,5	
1789	-297,4	
1790	-301,7	
1791	-301,8	
1792	-297,4	
1793	-289,1	
1794	-296,1	
1795	-297,0	
1796	-295,1	
1797	-290,3	
1798	-298,5	
1799	-298,0	
1800	-296,4	
1801	-297,8	
1802	-294,9	
1803	-292,8	
1804	-294,7	
1805	-292,3	
1806	-296,2	
1807	-296,6	
1808	-286,5	
1809	-294,7	
1810	-291,5	
1811	-293,3	
1812	-285,4	
1813	-291,4	
1814	-296,4	
1815	-298,6	
1816	-286,5	
1817	-286,5	
1818	-295,5	
1819	-291,2	
1820	-291,5	
1821	-292,4	
1822	-292,4	
1823	-289,0	
1824	-289,9	
1825	-294,0	
1826	-289,0	
1827	-295,3	
1828	-294,2	
1829	-292,0	
1830	-294,4	
1831	-289,5	
1832	-291,7	
1833	-286,2	
1834	-297,5	
1835	-293,0	
1836	-285,2	
1837	-293,6	
1838	-296,0	
1839	-287,6	
1840	-289,6	
1841	-292,1	
1842	-283,3	
1843	-284,8	
1844	-297,0	
1845	-293,9	
1846	-296,7	
1847	-291,5	
1848	-288,3	
1849	-288,6	
1850	-285,9	
1851	-286,0	
1852	-294,3	
1853	-289,2	
1854	-280,6	
1855	-288,6	
1856	-290,8	
1857	-287,7	
1858	-286,7	
1859	-286,0	
1860	-287,3	
1861	-286,2	
1862	-281,8	
1863	-287,8	
1864	-278,8	
1865	-288,5	
1866	-290,7	
1867	-281,6	
1868	-281,2	
1869	-266,0	
1870	-292,9	
1871	-292,7	
1872	-279,9	
1873	-285,3	
1874	-286,9	
1875	-278,7	
1876	-293,1	
1877	-289,6	
1878	-278,5	
1879	-288,3	
1880	-291,2	
1881	-284,7	
1882	-280,6	
1883	-287,3	
1884	-289,6	
1885	-281,7	
1886	-286,9	
1887	-276,5	
1888	-285,0	
1889	-291,7	
1890	-284,2	
1891	-287,5	
1892	-286,1	
1893	-283,7	
1894	-277,6	
1895	-281,7	
1896	-286,7	
1897	-275,1	
1898	-285,0	
1899	-277,9	
1900	-283,4	
1901	-275,6	
1902	-280,5	
1903	-282,1	
1904	-281,2	
1905	-279,1	
1906	-275,7	
1907	-280,4	
1908	-275,8	
1909	-279,8	
1910	-279,8	
1911	-279,2	
1912	-277,5	
1913	-282,6	
1914	-272,0	
1915	-274,5	
1916	-276,4	
1917	-274,4	
1918	-277,7	
1919	-275,0	
1920	-276,1	
1921	-277,7	
1922	-276,1	
1923	-277,5	
1924	-276,6	
1925	-278,7	
1926	-275,6	
1927	-269,3	
1928	-273,0	
1929	-275,1	
1930	-274,8	
1931	-276,3	
1932	-272,3	
1933	-276,2	
1934	-271,1	
1935	-271,8	
1936	-272,7	
1937	-274,2	
1938	-271,1	
1939	-271,1	
1940	-271,9	
1941	-273,1	
1942	-271,7	
1943	-269,0	
1944	-269,2	
1945	-268,4	
1946	-266,8	
1947	-266,4	
1948	-266,6	
1949	-268,0	
1950	-269,0	
1951	-269,9	
1952	-263,5	
1953	-261,8	
1954	-264,9	
1955	-262,3	
1956	-269,1	
1957	-265,3	
1958	-268,7	
1959	-261,6	
1960	-264,0	
1961	-258,3	
1962	-263,9	
1963	-267,9	
1964	-263,2	
1965	-262,3	
1966	-263,7	
1967	-263,0	
1968	-267,8	
1969	-264,7	
1970	-263,6	
1971	-264,0	
1972	-256,5	
1973	-262,5	
1974	-263,0	
1975	-258,6	
1976	-264,8	
1977	-257,9	
1978	-263,1	
1979	-263,3	
1980	-260,2	
1981	-262,0	
1982	-257,7	
1983	-261,5	
1984	-261,7	
1985	-260,2	
1986	-260,4	
1987	-260,2	
1988	-262,0	
1989	-257,7	
1990	-239,7	
1991	-258,0	
1992	-257,6	
1993	-257,4	
1994	-257,6	
1995	-257,8	
1996	-259,1	
1997	-254,7	
1998	-257,0	
1999	-259,3	
2000	-261,4	
2001	-259,7	
2002	-259,6	
2003	-257,7	
2004	-261,0	
2005	-257,2	
2006	-259,9	
2007	-252,5	
2008	-254,7	
2009	-256,1	
2010	-257,6	
2011	-253,0	
2012	-255,1	
2013	-248,2	
2014	-254,3	
2015	-247,6	
2016	-250,6	
2017	-253,4	
2018	-252,1	
2019	-253,3	
2020	-250,0	
2021	-251,8	
2022	-250,9	
2023	-244,8	
2024	-251,9	
2025	-245,8	
2026	-244,2	
2027	-245,6	
2028	-244,3	
2029	-249,8	
2030	-242,3	
2031	-248,2	
2032	-248,7	
2033	-244,6	
2034	-244,4	
2035	-246,3	
2036	-247,9	
2037	-246,6	
2038	-247,2	
2039	-239,5	
2040	-243,0	
2041	-245,3	
2042	-244,9	
2043	-247,7	
2044	-243,9	
2045	-227,4	
2046	-240,2	
2047	-241,1	
2048	-244,3	
2049	-244,3	
2050	-241,4	
2051	-236,4	
2052	-244,1	
2053	-240,4	
2054	-233,6	
2055	-236,3	
2056	-238,4	
2057	-239,3	
2058	-240,4	
2059	-237,6	
2060	-234,7	
2061	-229,2	
2062	-238,6	
2063	-237,5	
2064	-235,6	
2065	-239,4	
2066	-233,5	
2067	-237,7	
2068	-237,7	
2069	-238,8	
2070	-238,2	
2071	-237,0	
2072	-236,9	
2073	-227,3	
2074	-238,9	
2075	-238,0	
2076	-235,5	
2077	-234,9	
2078	-231,6	
2079	-225,5	
2080	-225,7	
2081	-231,3	
2082	-233,5	
2083	-231,7	
2084	-226,3	
2085	-228,1	
2086	-229,0	
2087	-229,7	
2088	-226,1	
2089	-226,6	
2090	-228,3	
2091	-231,4	
2092	-231,3	
2093	-227,0	
2094	-222,8	
2095	-223,4	
2096	-228,1	
2097	-226,2	
2098	-226,4	
2099	-223,4	
2100	-223,8	
2101	-228,5	
2102	-229,4	
2103	-222,1	
2104	-221,4	
2105	-220,5	
2106	-222,4	
2107	-224,4	
2108	-220,8	
2109	-220,3	
2110	-218,0	
2111	-223,4	
2112	-219,1	
2113	-219,9	
2114	-220,1	
2115	-218,5	
2116	-216,1	
2117	-214,2	
2118	-212,5	
2119	-217,1	
2120	-217,4	
2121	-213,4	
2122	-217,3	
2123	-218,2	
2124	-213,7	
2125	-210,6	
2126	-213,4	
2127	-212,7	
2128	-213,4	
2129	-207,5	
2130	-213,1	
2131	-209,5	
2132	-209,7	
2133	-205,9	
2134	-215,8	
2135	-202,5	
2136	-210,8	
2137	-206,2	
2138	-208,9	
2139	-208,2	
2140	-209,4	
2141	-206,1	
2142	-205,8	
2143	-206,6	
2144	-206,1	
2145	-202,7	
2146	-205,9	
2147	-204,1	
2148	-203,3	
2149	-205,5	
2150	-200,9	
2151	-193,0	
2152	-199,5	
2153	-205,0	
2154	-204,4	
2155	-197,5	
2156	-202,2	
2157	-203,3	
2158	-200,7	
2159	-201,2	
2160	-199,9	
2161	-199,9	
2162	-201,8	
2163	-201,3	
2164	-200,0	
2165	-198,7	
2166	-197,8	
2167	-200,6	
2168	-196,6	
2169	-196,5	
2170	-194,3	
2171	-194,3	
2172	-197,7	
2173	-196,3	
2174	-194,5	
2175	-193,4	
2176	-194,9	
2177	-196,5	
2178	-195,4	
2179	-193,3	
2180	-191,0	
2181	-191,4	
2182	-190,4	
2183	-191,0	
2184	-184,0	
2185	-193,8	
2186	-191,1	
2187	-187,4	
2188	-188,2	
2189	-187,7	
2190	-187,9	
2191	-187,6	
2192	-187,0	
2193	-187,8	
2194	-184,3	
2195	-185,9	
2196	-182,8	
2197	-188,3	
2198	-186,0	
2199	-185,8	
2200	-183,2	
2201	-186,1	
2202	-181,4	
2203	-182,5	
2204	-182,1	
2205	-183,2	
2206	-181,3	
2207	-178,9	
2208	-183,3	
2209	-180,9	
2210	-183,3	
2211	-177,1	
2212	-182,6	
2213	-171,1	
2214	-176,1	
2215	-178,7	
2216	-180,9	
2217	-178,8	
2218	-179,6	
2219	-175,7	
2220	-177,9	
2221	-178,6	
2222	-176,9	
2223	-177,0	
2224	-175,3	
2225	-175,0	
2226	-169,3	
2227	-172,2	
2228	-167,9	
2229	-162,6	
2230	-170,4	
2231	-167,3	
2232	-168,8	
2233	-168,5	
2234	-167,1	
2235	-166,1	
2236	-166,6	
2237	-167,9	
2238	-165,2	
2239	-162,3	
2240	-166,7	
2241	-164,4	
2242	-164,5	
2243	-160,0	
2244	-164,3	
2245	-162,5	
2246	-163,2	
2247	-166,9	
2248	-164,1	
2249	-155,8	
2250	-157,7	
2251	-160,9	
2252	-154,6	
2253	-159,5	
2254	-146,1	
2255	-164,2	
2256	-152,7	
2257	-158,5	
2258	-153,7	
2259	-153,8	
2260	-158,8	
2261	-149,2	
2262	-150,5	
2263	-158,6	
2264	-157,6	
2265	-159,6	
2266	-159,5	
2267	-158,9	
2268	-157,3	
2269	-154,3	
2270	-151,8	
2271	-149,2	
2272	-140,9	
2273	-151,1	
2274	-151,7	
2275	-150,6	
2276	-144,9	
2277	-146,3	
2278	-146,9	
2279	-149,2	
2280	-150,0	
2281	-145,3	
2282	-152,3	
2283	-149,2	
2284	-145,8	
2285	-141,9	
2286	-144,5	
2287	-143,6	
2288	-143,1	
2289	-144,5	
2290	-144,7	
2291	-133,0	
2292	-144,5	
2293	-139,2	
2294	-139,9	
2295	-140,6	
2296	-142,7	
2297	-142,4	
2298	-142,4	
2299	-141,9	
2300	-140,4	
2301	-140,3	
2302	-140,4	
2303	-132,6	
2304	-131,3	
2305	-136,1	
2306	-124,1	
2307	-133,3	
2308	-135,5	
2309	-131,5	
2310	-132,4	
2311	-129,7	
2312	-134,9	
2313	-128,6	
2314	-134,4	
2315	-132,6	
2316	-132,4	
2317	-131,4	
2318	-131,4	
2319	-129,4	
2320	-131,7	
2321	-130,8	
2322	-129,8	
2323	-128,9	
2324	-126,4	
2325	-126,8	
2326	-128,2	
2327	-124,7	
2328	-126,6	
2329	-124,3	
2330	-128,1	
2331	-126,4	
2332	-122,7	
2333	-123,8	
2334	-124,7	
2335	-113,7	
2336	-122,0	
2337	-120,1	
2338	-120,2	
2339	-119,3	
2340	-121,6	
2341	-115,4	
2342	-109,5	
2343	-120,8	
2344	-116,1	
2345	-113,2	
2346	-120,4	
2347	-114,0	
2348	-116,9	
2349	-118,2	
2350	-115,1	
2351	-113,0	
2352	-118,4	
2353	-116,0	
2354	-114,7	
2355	-116,6	
2356	-117,3	
2357	-115,8	
2358	-112,6	
2359	-112,5	
2360	-103,9	
2361	-112,6	
2362	-114,2	
2363	-106,4	
2364	-107,4	
2365	-107,0	
2366	-100,0	
2367	-106,7	
2368	-101,0	
2369	-102,2	
2370	-102,7	
2371	-106,0	
2372	-107,9	
2373	-104,2	
2374	-101,2	
2375	-102,0	
2376	-105,6	
2377	-107,4	
2378	-105,8	
2379	-102,9	
2380	-99,6	
2381	-103,8	
2382	-99,2	
2383	-103,3	
2384	-95,9	
2385	-95,5	
2386	-95,2	
2387	-96,3	
2388	-98,2	
2389	-92,1	
2390	-92,6	
2391	-95,9	
2392	-99,0	
2393	-87,0	
2394	-90,4	
2395	-90,0	
2396	-93,2	
2397	-92,2	
2398	-93,2	
2399	-90,2	
2400	-90,1	
2401	-92,1	
2402	-84,7	
2403	-87,6	
2404	-83,3	
2405	-89,7	
2406	-88,6	
2407	-83,8	
2408	-91,8	
2409	-83,0	
2410	-86,9	
2411	-84,1	
2412	-86,0	
2413	-87,7	
2414	-84,4	
2415	-87,0	
2416	-86,4	
2417	-84,2	
2418	-83,3	
2419	-71,5	
2420	-82,9	
2421	-82,9	
2422	-65,7	
2423	-77,7	
2424	-78,6	
2425	-78,3	
2426	-77,2	
2427	-79,1	
2428	-77,3	
2429	-74,5	
2430	-71,8	
2431	-80,9	
2432	-79,9	
2433	-75,8	
2434	-73,0	
2435	-59,2	
2436	-66,0	
2437	-58,1	
2438	-70,1	
2439	-66,1	
2440	-69,4	
2441	-65,8	
2442	-67,6	
2443	-65,2	
2444	-66,0	
2445	-65,6	
2446	-67,2	
2447	-67,7	
2448	-69,1	
2449	-63,5	
2450	-55,7	
2451	-62,9	
2452	-66,9	
2453	-60,5	
2454	-65,1	
2455	-60,7	
2456	-62,1	
2457	-63,9	
2458	-60,1	
2459	-59,8	
2460	-56,8	
2461	-56,5	
2462	-59,8	
2463	-58,5	
2464	-61,1	
2465	-50,3	
2466	-55,0	
2467	-60,2	
2468	-59,1	
2469	-54,3	
2470	-55,5	
2471	-55,8	
2472	-55,9	
2473	-52,4	
2474	-58,2	
2475	-48,2	
2476	-58,0	
2477	-50,6	
2478	-53,0	
2479	-53,1	
2480	-47,2	
2481	-53,9	
2482	-53,6	
2483	-50,7	
2484	-46,2	
2485	-50,1	
2486	-48,3	
2487	-47,9	
2488	-48,3	
2489	-50,8	
2490	-50,2	
2491	-45,4	
2492	-45,1	
2493	-47,3	
2494	-39,7	
2495	-44,1	
2496	-43,0	
2497	-32,7	
2498	-45,1	
2499	-44,7	
2500	-23,8	
2501	-43,3	
2502	-44,7	
2503	-36,5	
2504	-30,9	
2505	-41,8	
2506	-36,9	
2507	-40,1	
2508	-38,8	
2509	-42,1	
2510	-37,8	
2511	-38,8	
2512	-36,7	
2513	-35,6	
2514	-37,5	
2515	-34,6	
2516	-30,4	
2517	-36,8	
2518	-35,3	
2519	-31,0	
2520	-35,6	
2521	-35,5	
2522	-25,2	
2523	-31,8	
2524	-25,1	
2525	-34,5	
2526	-32,0	
2527	-30,9	
2528	-29,1	
2529	-31,8	
2530	-27,7	
2531	-15,1	
2532	-26,1	
2533	-26,4	
2534	-32,6	
2535	-27,4	
2536	-25,6	
2537	-25,3	
2538	-26,7	
2539	-24,9	
2540	-27,1	
2541	-24,5	
2542	-28,7	
2543	-23,8	
2544	-21,6	
2545	-21,3	
2546	-21,6	
2547	-19,7	
2548	-25,8	
2549	-20,1	
2550	-14,4	
2551	-20,2	
2552	-23,3	
2553	-22,4	
2554	-13,9	
2555	-17,5	
2556	-17,3	
2557	-16,8	
2558	-18,0	
2559	-15,1	
2560	-18,3	
2561	-10,1	
2562	-15,9	
2563	-13,6	
2564	-16,1	
2565	-10,3	
2566	-14,5	
2567	-11,1	
2568	-8,2	
2569	-3,8	
2570	-2,5	
2571	-8,6	
2572	-2,8	
2573	-7,1	
2574	0,7	
2575	-10,5	
2576	-5,2	
2577	-11,1	
2578	-8,3	
2579	-5,4	
2580	-10,8	
2581	-6,5	
2582	-7,9	
2583	-10,1	
2584	6,3	
2585	-6,0	
2586	-8,7	
2587	-1,5	
2588	-7,5	
2589	-1,5	
