[HEADER]
H01=项目编号:
H02=项目注释:
H03=用户:
H04=测量日期:	21.04.2023
H05=测量时间:	16:26:18
H06=文件名称:	C:\Users\Test-02\Desktop\421HF\12左\file_04.dat
H07=车厢号码:
H08=轮副:
H09=轨道基本间距:	0
H10=轨迹偏移:	0
H11=测量点数:	2591
H12=测量:	好
H14=轮子:	L
H13=扩展注释:
[MeasurementData]
[mm] [µm]
0	0,0	
1	4,0	
2	4,8	
3	13,2	
4	4,3	
5	4,0	
6	4,6	
7	8,4	
8	3,8	
9	14,4	
10	9,4	
11	2,6	
12	13,1	
13	4,9	
14	7,8	
15	7,3	
16	8,6	
17	7,9	
18	9,4	
19	10,7	
20	14,8	
21	12,0	
22	10,1	
23	11,2	
24	11,0	
25	13,0	
26	8,2	
27	11,7	
28	12,0	
29	12,9	
30	12,2	
31	9,7	
32	12,4	
33	12,4	
34	14,7	
35	12,7	
36	13,7	
37	12,8	
38	13,7	
39	11,7	
40	16,8	
41	17,1	
42	18,0	
43	19,4	
44	19,0	
45	14,7	
46	17,6	
47	21,2	
48	17,0	
49	19,8	
50	17,8	
51	17,5	
52	17,1	
53	20,6	
54	20,4	
55	22,4	
56	18,8	
57	17,3	
58	21,2	
59	19,0	
60	18,9	
61	19,5	
62	21,8	
63	24,1	
64	23,2	
65	21,0	
66	21,7	
67	21,8	
68	22,1	
69	24,4	
70	23,1	
71	26,3	
72	26,5	
73	24,7	
74	23,3	
75	25,3	
76	28,2	
77	29,4	
78	27,9	
79	32,6	
80	29,9	
81	28,6	
82	26,6	
83	30,2	
84	28,9	
85	31,7	
86	37,9	
87	32,8	
88	29,2	
89	36,2	
90	32,2	
91	35,5	
92	35,3	
93	36,9	
94	38,8	
95	36,1	
96	34,1	
97	32,3	
98	38,8	
99	34,1	
100	36,7	
101	36,4	
102	34,8	
103	34,7	
104	35,0	
105	38,5	
106	38,8	
107	36,2	
108	36,7	
109	39,2	
110	37,0	
111	36,0	
112	34,8	
113	37,4	
114	35,8	
115	40,3	
116	39,4	
117	36,4	
118	38,7	
119	37,7	
120	37,7	
121	38,9	
122	39,1	
123	37,1	
124	41,5	
125	38,5	
126	38,9	
127	39,1	
128	41,5	
129	38,3	
130	38,2	
131	39,2	
132	44,0	
133	41,3	
134	39,7	
135	45,3	
136	41,0	
137	41,5	
138	40,9	
139	40,1	
140	46,2	
141	45,8	
142	44,5	
143	43,8	
144	41,3	
145	41,2	
146	42,2	
147	42,0	
148	42,4	
149	46,3	
150	46,1	
151	47,2	
152	45,2	
153	43,7	
154	46,3	
155	47,1	
156	43,4	
157	49,2	
158	45,6	
159	54,3	
160	55,4	
161	52,4	
162	43,9	
163	48,2	
164	56,0	
165	46,8	
166	46,3	
167	48,1	
168	50,6	
169	48,3	
170	48,3	
171	52,2	
172	50,4	
173	49,1	
174	47,1	
175	46,1	
176	50,2	
177	51,5	
178	50,4	
179	46,7	
180	55,9	
181	49,6	
182	50,9	
183	49,9	
184	53,7	
185	50,3	
186	55,7	
187	50,1	
188	53,5	
189	55,8	
190	55,9	
191	54,8	
192	53,0	
193	56,8	
194	55,0	
195	57,1	
196	55,1	
197	56,5	
198	56,2	
199	53,9	
200	50,7	
201	61,4	
202	56,8	
203	52,0	
204	58,4	
205	52,7	
206	52,0	
207	54,2	
208	51,3	
209	51,9	
210	52,2	
211	50,3	
212	54,7	
213	51,6	
214	57,5	
215	54,3	
216	53,4	
217	52,1	
218	51,8	
219	56,7	
220	51,4	
221	51,3	
222	52,1	
223	53,5	
224	51,5	
225	52,1	
226	51,8	
227	50,8	
228	50,4	
229	50,0	
230	51,5	
231	50,2	
232	50,8	
233	51,4	
234	52,5	
235	51,5	
236	52,4	
237	51,9	
238	54,9	
239	53,3	
240	53,4	
241	52,5	
242	53,2	
243	53,0	
244	52,9	
245	52,7	
246	53,4	
247	53,2	
248	53,3	
249	56,6	
250	58,0	
251	53,3	
252	54,2	
253	55,6	
254	55,5	
255	54,3	
256	57,6	
257	55,3	
258	56,0	
259	55,4	
260	59,9	
261	57,4	
262	55,5	
263	59,3	
264	53,0	
265	55,0	
266	59,4	
267	56,2	
268	54,7	
269	53,5	
270	54,2	
271	54,0	
272	55,5	
273	58,6	
274	54,2	
275	59,3	
276	55,0	
277	59,1	
278	56,2	
279	54,8	
280	54,6	
281	58,4	
282	55,0	
283	54,7	
284	59,7	
285	56,2	
286	58,5	
287	54,9	
288	57,2	
289	59,6	
290	55,0	
291	57,3	
292	57,1	
293	56,2	
294	64,7	
295	57,9	
296	57,2	
297	55,1	
298	54,9	
299	55,1	
300	55,2	
301	54,5	
302	56,1	
303	55,3	
304	55,2	
305	56,2	
306	56,3	
307	58,7	
308	59,0	
309	57,5	
310	54,7	
311	59,0	
312	54,7	
313	56,9	
314	61,3	
315	58,6	
316	57,3	
317	56,2	
318	57,0	
319	56,6	
320	56,0	
321	54,2	
322	57,2	
323	57,1	
324	55,3	
325	54,8	
326	57,7	
327	57,0	
328	62,0	
329	57,1	
330	57,4	
331	56,4	
332	56,7	
333	48,7	
334	52,4	
335	55,5	
336	56,3	
337	52,5	
338	53,7	
339	55,8	
340	54,9	
341	52,8	
342	52,5	
343	56,8	
344	52,8	
345	53,1	
346	58,1	
347	52,8	
348	53,3	
349	56,5	
350	56,8	
351	57,9	
352	55,8	
353	59,1	
354	55,1	
355	55,2	
356	57,4	
357	54,0	
358	53,1	
359	56,1	
360	52,5	
361	56,2	
362	55,8	
363	54,0	
364	51,5	
365	54,0	
366	53,2	
367	55,4	
368	55,3	
369	51,7	
370	53,5	
371	50,5	
372	50,5	
373	50,9	
374	53,2	
375	52,5	
376	50,3	
377	49,5	
378	50,6	
379	51,9	
380	53,8	
381	50,0	
382	50,4	
383	50,0	
384	49,9	
385	52,1	
386	49,6	
387	50,7	
388	50,6	
389	49,7	
390	56,0	
391	49,6	
392	50,3	
393	49,1	
394	48,2	
395	49,2	
396	47,7	
397	50,6	
398	49,5	
399	48,4	
400	49,4	
401	47,7	
402	53,7	
403	49,1	
404	49,5	
405	50,7	
406	50,5	
407	51,5	
408	50,0	
409	50,9	
410	53,1	
411	48,3	
412	51,2	
413	48,9	
414	48,0	
415	49,2	
416	47,9	
417	48,5	
418	47,5	
419	50,1	
420	46,7	
421	46,9	
422	46,4	
423	44,9	
424	47,3	
425	48,7	
426	47,7	
427	45,9	
428	46,5	
429	46,3	
430	49,7	
431	45,1	
432	45,8	
433	45,1	
434	47,5	
435	44,0	
436	44,7	
437	44,3	
438	44,4	
439	43,3	
440	44,3	
441	44,7	
442	46,2	
443	42,7	
444	44,7	
445	43,0	
446	44,2	
447	45,1	
448	41,8	
449	45,0	
450	42,5	
451	41,8	
452	42,7	
453	42,3	
454	45,4	
455	42,5	
456	42,1	
457	48,3	
458	42,9	
459	41,3	
460	42,9	
461	41,8	
462	41,9	
463	39,9	
464	40,9	
465	40,6	
466	39,5	
467	38,7	
468	40,8	
469	38,8	
470	38,8	
471	38,6	
472	37,5	
473	39,1	
474	38,9	
475	37,3	
476	44,6	
477	40,1	
478	38,7	
479	40,4	
480	38,4	
481	41,3	
482	38,1	
483	38,0	
484	37,2	
485	37,4	
486	41,7	
487	39,2	
488	36,2	
489	38,7	
490	37,9	
491	39,8	
492	39,9	
493	36,7	
494	40,4	
495	35,9	
496	40,7	
497	34,7	
498	36,8	
499	40,2	
500	40,8	
501	38,7	
502	37,1	
503	37,3	
504	33,7	
505	34,2	
506	33,9	
507	32,7	
508	43,7	
509	37,0	
510	34,0	
511	31,9	
512	36,8	
513	31,3	
514	31,9	
515	32,3	
516	35,4	
517	30,2	
518	31,7	
519	29,5	
520	30,5	
521	32,7	
522	30,0	
523	31,2	
524	33,0	
525	37,1	
526	39,1	
527	30,4	
528	29,6	
529	28,2	
530	31,7	
531	32,1	
532	31,0	
533	36,3	
534	28,6	
535	29,3	
536	33,0	
537	28,7	
538	28,3	
539	26,9	
540	25,2	
541	28,3	
542	32,5	
543	29,6	
544	27,7	
545	26,7	
546	31,1	
547	31,4	
548	22,3	
549	33,3	
550	28,8	
551	30,6	
552	24,7	
553	24,9	
554	24,5	
555	22,4	
556	21,2	
557	22,5	
558	24,2	
559	23,4	
560	22,2	
561	26,5	
562	23,0	
563	26,4	
564	23,3	
565	20,3	
566	19,2	
567	20,3	
568	21,2	
569	22,3	
570	19,7	
571	22,3	
572	23,1	
573	21,7	
574	23,8	
575	26,9	
576	19,9	
577	20,8	
578	17,2	
579	18,2	
580	16,6	
581	19,8	
582	20,4	
583	20,0	
584	17,6	
585	21,9	
586	17,6	
587	20,8	
588	18,7	
589	16,0	
590	22,1	
591	21,5	
592	14,8	
593	21,8	
594	17,3	
595	26,3	
596	21,9	
597	17,4	
598	16,7	
599	13,2	
600	15,6	
601	21,1	
602	17,5	
603	11,3	
604	14,1	
605	20,0	
606	11,6	
607	11,7	
608	22,4	
609	15,7	
610	10,5	
611	16,1	
612	15,7	
613	18,9	
614	17,1	
615	11,1	
616	12,7	
617	9,7	
618	14,0	
619	9,3	
620	11,0	
621	9,4	
622	8,5	
623	7,4	
624	6,2	
625	9,1	
626	7,3	
627	9,3	
628	8,4	
629	4,7	
630	16,6	
631	10,0	
632	6,0	
633	5,6	
634	5,3	
635	3,3	
636	7,3	
637	7,4	
638	11,6	
639	7,3	
640	4,7	
641	5,7	
642	2,1	
643	5,5	
644	1,4	
645	8,3	
646	1,8	
647	0,6	
648	0,5	
649	2,8	
650	1,5	
651	5,5	
652	1,8	
653	0,0	
654	1,0	
655	-2,0	
656	-0,2	
657	1,1	
658	-2,0	
659	-0,7	
660	-0,7	
661	-4,4	
662	-4,3	
663	0,7	
664	-2,3	
665	-0,6	
666	-5,7	
667	-5,2	
668	-4,5	
669	-4,6	
670	-1,6	
671	-2,5	
672	-2,9	
673	-4,4	
674	-4,3	
675	-7,8	
676	-6,3	
677	-5,5	
678	-7,0	
679	-1,6	
680	-3,8	
681	-1,8	
682	-5,9	
683	-4,8	
684	-8,8	
685	1,8	
686	-7,7	
687	-8,4	
688	-5,4	
689	-2,2	
690	-7,8	
691	-9,8	
692	-8,9	
693	-9,3	
694	-7,2	
695	-7,8	
696	-6,9	
697	-6,6	
698	-13,9	
699	-5,9	
700	-8,9	
701	-5,7	
702	-10,7	
703	-13,7	
704	-15,1	
705	-8,0	
706	-14,9	
707	-11,4	
708	-10,4	
709	-8,5	
710	-16,0	
711	-4,2	
712	-13,6	
713	-11,3	
714	-17,0	
715	-20,4	
716	-14,1	
717	-18,8	
718	-15,3	
719	-14,6	
720	-15,1	
721	-14,4	
722	-15,6	
723	-21,1	
724	-23,6	
725	-19,7	
726	-13,7	
727	-20,9	
728	-23,3	
729	-23,7	
730	-22,9	
731	-20,9	
732	-14,1	
733	-20,4	
734	-21,0	
735	-21,3	
736	-21,3	
737	-26,5	
738	-23,2	
739	-24,4	
740	-17,9	
741	-22,1	
742	-21,8	
743	-17,3	
744	-24,2	
745	-23,9	
746	-25,5	
747	-23,4	
748	-29,5	
749	-27,8	
750	-21,3	
751	-31,4	
752	-31,3	
753	-18,7	
754	-33,3	
755	-25,5	
756	-28,5	
757	-24,0	
758	-29,9	
759	-27,5	
760	-24,9	
761	-29,7	
762	-27,6	
763	-31,3	
764	-33,9	
765	-28,8	
766	-33,6	
767	-28,8	
768	-26,8	
769	-36,5	
770	-32,7	
771	-34,8	
772	-38,0	
773	-38,5	
774	-39,2	
775	-37,0	
776	-36,2	
777	-36,8	
778	-38,6	
779	-35,5	
780	-38,8	
781	-38,9	
782	-38,3	
783	-36,7	
784	-37,4	
785	-29,7	
786	-34,9	
787	-37,3	
788	-34,6	
789	-40,9	
790	-37,2	
791	-41,2	
792	-39,4	
793	-43,3	
794	-37,1	
795	-43,7	
796	-41,7	
797	-42,6	
798	-44,1	
799	-38,0	
800	-45,1	
801	-48,8	
802	-41,7	
803	-45,1	
804	-42,3	
805	-44,7	
806	-44,6	
807	-48,2	
808	-46,9	
809	-43,6	
810	-45,0	
811	-41,1	
812	-46,8	
813	-44,8	
814	-47,0	
815	-45,9	
816	-44,9	
817	-50,2	
818	-45,7	
819	-46,5	
820	-49,4	
821	-49,0	
822	-52,5	
823	-49,7	
824	-47,7	
825	-46,7	
826	-52,9	
827	-53,4	
828	-54,9	
829	-53,4	
830	-55,0	
831	-55,1	
832	-52,3	
833	-57,1	
834	-56,8	
835	-57,3	
836	-60,4	
837	-58,3	
838	-55,0	
839	-57,4	
840	-59,3	
841	-55,5	
842	-57,0	
843	-53,3	
844	-58,4	
845	-51,1	
846	-51,9	
847	-58,1	
848	-61,9	
849	-60,8	
850	-62,0	
851	-57,8	
852	-60,0	
853	-56,7	
854	-61,9	
855	-59,6	
856	-58,4	
857	-62,9	
858	-61,7	
859	-63,4	
860	-67,1	
861	-68,1	
862	-67,4	
863	-68,9	
864	-63,6	
865	-63,2	
866	-68,2	
867	-62,5	
868	-60,9	
869	-66,1	
870	-68,1	
871	-67,4	
872	-69,6	
873	-67,1	
874	-69,7	
875	-70,2	
876	-70,8	
877	-71,3	
878	-66,3	
879	-68,6	
880	-69,5	
881	-66,5	
882	-71,1	
883	-66,3	
884	-71,0	
885	-66,7	
886	-70,3	
887	-73,9	
888	-67,4	
889	-74,1	
890	-73,9	
891	-71,5	
892	-71,9	
893	-76,3	
894	-71,6	
895	-77,1	
896	-74,2	
897	-71,3	
898	-73,9	
899	-77,4	
900	-75,2	
901	-75,8	
902	-72,7	
903	-78,0	
904	-77,7	
905	-78,2	
906	-79,7	
907	-78,1	
908	-75,5	
909	-80,3	
910	-76,0	
911	-81,2	
912	-74,0	
913	-80,2	
914	-81,2	
915	-80,1	
916	-81,8	
917	-80,1	
918	-75,5	
919	-82,8	
920	-83,2	
921	-80,7	
922	-84,2	
923	-83,9	
924	-85,2	
925	-86,6	
926	-76,0	
927	-87,8	
928	-85,1	
929	-82,8	
930	-81,4	
931	-84,7	
932	-86,6	
933	-85,3	
934	-87,0	
935	-85,7	
936	-87,4	
937	-82,8	
938	-83,5	
939	-88,8	
940	-88,0	
941	-80,5	
942	-85,3	
943	-90,8	
944	-93,2	
945	-91,0	
946	-93,2	
947	-92,9	
948	-94,8	
949	-89,7	
950	-96,5	
951	-90,5	
952	-94,5	
953	-97,5	
954	-96,4	
955	-96,3	
956	-95,3	
957	-85,7	
958	-93,9	
959	-96,3	
960	-95,2	
961	-96,4	
962	-97,2	
963	-97,6	
964	-97,1	
965	-100,5	
966	-98,1	
967	-95,4	
968	-95,6	
969	-99,7	
970	-95,9	
971	-98,4	
972	-100,4	
973	-102,1	
974	-101,8	
975	-99,9	
976	-101,8	
977	-103,4	
978	-101,7	
979	-100,0	
980	-96,2	
981	-102,9	
982	-104,0	
983	-103,3	
984	-99,6	
985	-102,2	
986	-103,5	
987	-103,7	
988	-104,1	
989	-105,9	
990	-107,8	
991	-103,7	
992	-107,2	
993	-105,8	
994	-99,8	
995	-108,8	
996	-109,2	
997	-108,9	
998	-108,6	
999	-109,4	
1000	-108,1	
1001	-109,0	
1002	-111,2	
1003	-111,4	
1004	-111,4	
1005	-110,6	
1006	-113,4	
1007	-113,6	
1008	-110,1	
1009	-110,1	
1010	-106,8	
1011	-110,6	
1012	-114,8	
1013	-112,3	
1014	-110,7	
1015	-115,6	
1016	-117,0	
1017	-118,4	
1018	-117,6	
1019	-116,6	
1020	-118,6	
1021	-119,9	
1022	-119,8	
1023	-120,6	
1024	-118,6	
1025	-111,3	
1026	-113,7	
1027	-116,6	
1028	-121,5	
1029	-120,3	
1030	-121,4	
1031	-119,5	
1032	-121,5	
1033	-110,8	
1034	-120,6	
1035	-122,5	
1036	-117,7	
1037	-125,3	
1038	-122,6	
1039	-122,0	
1040	-124,6	
1041	-123,8	
1042	-122,6	
1043	-125,1	
1044	-120,3	
1045	-123,1	
1046	-120,5	
1047	-121,2	
1048	-120,1	
1049	-125,1	
1050	-124,5	
1051	-127,6	
1052	-126,9	
1053	-127,3	
1054	-125,6	
1055	-129,5	
1056	-125,6	
1057	-128,5	
1058	-126,7	
1059	-123,8	
1060	-129,4	
1061	-127,3	
1062	-130,6	
1063	-132,4	
1064	-132,3	
1065	-132,6	
1066	-128,2	
1067	-131,5	
1068	-134,4	
1069	-134,3	
1070	-131,8	
1071	-131,3	
1072	-135,5	
1073	-133,3	
1074	-128,6	
1075	-134,0	
1076	-128,3	
1077	-134,3	
1078	-134,1	
1079	-136,2	
1080	-137,8	
1081	-136,3	
1082	-137,0	
1083	-136,0	
1084	-138,0	
1085	-136,7	
1086	-135,0	
1087	-131,5	
1088	-140,2	
1089	-138,1	
1090	-140,2	
1091	-141,5	
1092	-139,5	
1093	-139,1	
1094	-142,9	
1095	-137,1	
1096	-144,0	
1097	-140,6	
1098	-146,0	
1099	-145,1	
1100	-143,2	
1101	-144,5	
1102	-142,2	
1103	-144,9	
1104	-144,7	
1105	-147,8	
1106	-147,9	
1107	-149,8	
1108	-146,0	
1109	-147,1	
1110	-143,0	
1111	-140,3	
1112	-145,2	
1113	-148,5	
1114	-144,1	
1115	-141,2	
1116	-148,9	
1117	-146,0	
1118	-144,8	
1119	-146,2	
1120	-144,1	
1121	-150,3	
1122	-146,7	
1123	-150,6	
1124	-151,8	
1125	-133,7	
1126	-149,8	
1127	-152,4	
1128	-151,7	
1129	-150,0	
1130	-152,2	
1131	-154,0	
1132	-155,5	
1133	-153,9	
1134	-148,9	
1135	-153,9	
1136	-154,4	
1137	-155,4	
1138	-153,7	
1139	-150,3	
1140	-152,6	
1141	-156,5	
1142	-157,3	
1143	-157,9	
1144	-156,9	
1145	-154,4	
1146	-157,9	
1147	-159,3	
1148	-158,8	
1149	-154,6	
1150	-160,6	
1151	-158,6	
1152	-156,2	
1153	-156,5	
1154	-159,1	
1155	-161,1	
1156	-161,8	
1157	-159,8	
1158	-162,5	
1159	-157,0	
1160	-162,7	
1161	-163,6	
1162	-161,6	
1163	-156,4	
1164	-161,0	
1165	-161,4	
1166	-162,6	
1167	-165,4	
1168	-162,8	
1169	-164,6	
1170	-166,5	
1171	-158,8	
1172	-165,6	
1173	-165,4	
1174	-168,0	
1175	-163,7	
1176	-167,8	
1177	-167,6	
1178	-168,3	
1179	-166,8	
1180	-166,3	
1181	-170,7	
1182	-159,7	
1183	-168,9	
1184	-164,1	
1185	-171,1	
1186	-170,2	
1187	-171,9	
1188	-169,0	
1189	-170,9	
1190	-172,5	
1191	-166,0	
1192	-169,1	
1193	-170,4	
1194	-172,5	
1195	-174,3	
1196	-169,1	
1197	-171,6	
1198	-174,9	
1199	-172,0	
1200	-172,1	
1201	-153,7	
1202	-176,0	
1203	-178,2	
1204	-179,9	
1205	-177,8	
1206	-175,9	
1207	-179,5	
1208	-179,8	
1209	-177,3	
1210	-180,1	
1211	-180,2	
1212	-181,2	
1213	-182,9	
1214	-180,2	
1215	-181,5	
1216	-181,9	
1217	-174,6	
1218	-182,1	
1219	-176,0	
1220	-177,6	
1221	-182,4	
1222	-181,4	
1223	-179,1	
1224	-174,4	
1225	-180,5	
1226	-182,9	
1227	-180,6	
1228	-184,0	
1229	-182,6	
1230	-173,8	
1231	-185,0	
1232	-184,6	
1233	-186,1	
1234	-188,1	
1235	-189,7	
1236	-188,8	
1237	-190,8	
1238	-192,3	
1239	-192,0	
1240	-190,0	
1241	-188,8	
1242	-184,0	
1243	-186,2	
1244	-188,3	
1245	-191,4	
1246	-193,2	
1247	-191,5	
1248	-192,2	
1249	-192,3	
1250	-189,8	
1251	-191,3	
1252	-188,8	
1253	-190,5	
1254	-190,8	
1255	-193,1	
1256	-191,8	
1257	-194,2	
1258	-191,1	
1259	-195,2	
1260	-194,3	
1261	-195,9	
1262	-192,2	
1263	-196,8	
1264	-194,5	
1265	-193,8	
1266	-197,6	
1267	-198,4	
1268	-197,9	
1269	-199,4	
1270	-201,3	
1271	-196,7	
1272	-198,5	
1273	-195,0	
1274	-199,5	
1275	-196,6	
1276	-195,9	
1277	-198,3	
1278	-200,2	
1279	-200,8	
1280	-201,0	
1281	-202,4	
1282	-202,7	
1283	-204,5	
1284	-201,0	
1285	-204,7	
1286	-204,3	
1287	-201,1	
1288	-207,3	
1289	-206,9	
1290	-200,9	
1291	-208,0	
1292	-207,9	
1293	-207,2	
1294	-209,2	
1295	-205,2	
1296	-202,1	
1297	-203,3	
1298	-209,0	
1299	-206,9	
1300	-206,9	
1301	-207,8	
1302	-210,6	
1303	-203,9	
1304	-211,1	
1305	-210,4	
1306	-212,2	
1307	-212,9	
1308	-212,0	
1309	-210,7	
1310	-208,6	
1311	-213,6	
1312	-212,4	
1313	-206,2	
1314	-214,6	
1315	-218,5	
1316	-217,5	
1317	-216,5	
1318	-218,3	
1319	-219,7	
1320	-209,1	
1321	-216,4	
1322	-206,9	
1323	-211,7	
1324	-216,0	
1325	-217,2	
1326	-219,5	
1327	-212,3	
1328	-216,1	
1329	-203,7	
1330	-218,9	
1331	-217,8	
1332	-214,4	
1333	-218,8	
1334	-218,3	
1335	-218,8	
1336	-219,0	
1337	-215,5	
1338	-218,1	
1339	-222,4	
1340	-212,9	
1341	-215,3	
1342	-222,7	
1343	-222,7	
1344	-221,9	
1345	-223,8	
1346	-222,6	
1347	-224,4	
1348	-216,6	
1349	-224,8	
1350	-220,3	
1351	-222,5	
1352	-221,3	
1353	-219,7	
1354	-223,6	
1355	-224,6	
1356	-222,1	
1357	-227,3	
1358	-226,4	
1359	-225,3	
1360	-228,7	
1361	-224,6	
1362	-228,5	
1363	-222,1	
1364	-230,9	
1365	-232,3	
1366	-230,1	
1367	-230,7	
1368	-227,4	
1369	-230,4	
1370	-226,7	
1371	-228,3	
1372	-231,4	
1373	-229,2	
1374	-228,8	
1375	-227,2	
1376	-235,2	
1377	-228,9	
1378	-235,3	
1379	-234,4	
1380	-237,0	
1381	-225,4	
1382	-234,3	
1383	-233,2	
1384	-232,4	
1385	-234,9	
1386	-232,7	
1387	-236,6	
1388	-230,2	
1389	-235,5	
1390	-234,2	
1391	-237,3	
1392	-235,2	
1393	-236,3	
1394	-239,1	
1395	-237,4	
1396	-235,8	
1397	-239,2	
1398	-236,7	
1399	-228,4	
1400	-238,4	
1401	-239,5	
1402	-240,4	
1403	-238,4	
1404	-234,7	
1405	-240,2	
1406	-240,3	
1407	-232,3	
1408	-243,3	
1409	-239,3	
1410	-241,9	
1411	-230,2	
1412	-236,6	
1413	-236,5	
1414	-238,6	
1415	-242,9	
1416	-243,5	
1417	-242,4	
1418	-240,4	
1419	-237,3	
1420	-234,1	
1421	-242,8	
1422	-241,5	
1423	-243,5	
1424	-242,4	
1425	-245,6	
1426	-243,5	
1427	-246,9	
1428	-245,5	
1429	-240,3	
1430	-246,2	
1431	-247,0	
1432	-247,6	
1433	-246,8	
1434	-242,0	
1435	-249,5	
1436	-244,2	
1437	-248,1	
1438	-251,0	
1439	-242,6	
1440	-249,1	
1441	-251,5	
1442	-249,5	
1443	-248,0	
1444	-247,7	
1445	-250,2	
1446	-248,1	
1447	-249,4	
1448	-249,2	
1449	-243,5	
1450	-248,7	
1451	-251,6	
1452	-252,8	
1453	-252,2	
1454	-254,1	
1455	-249,3	
1456	-251,4	
1457	-247,3	
1458	-252,2	
1459	-255,2	
1460	-252,8	
1461	-249,8	
1462	-248,7	
1463	-254,1	
1464	-253,1	
1465	-256,2	
1466	-253,1	
1467	-255,3	
1468	-252,2	
1469	-248,6	
1470	-252,5	
1471	-251,8	
1472	-255,5	
1473	-258,4	
1474	-254,5	
1475	-257,9	
1476	-258,6	
1477	-258,1	
1478	-259,1	
1479	-256,1	
1480	-255,8	
1481	-253,3	
1482	-253,1	
1483	-255,5	
1484	-258,5	
1485	-255,4	
1486	-259,2	
1487	-256,8	
1488	-258,3	
1489	-257,5	
1490	-258,1	
1491	-254,9	
1492	-257,2	
1493	-259,8	
1494	-256,6	
1495	-260,5	
1496	-257,7	
1497	-255,6	
1498	-261,5	
1499	-258,9	
1500	-257,3	
1501	-261,4	
1502	-251,7	
1503	-263,0	
1504	-260,4	
1505	-264,0	
1506	-262,5	
1507	-256,1	
1508	-257,8	
1509	-262,0	
1510	-265,2	
1511	-262,7	
1512	-248,8	
1513	-256,3	
1514	-263,0	
1515	-260,0	
1516	-255,0	
1517	-263,4	
1518	-263,2	
1519	-263,1	
1520	-258,5	
1521	-262,0	
1522	-265,4	
1523	-268,0	
1524	-266,8	
1525	-264,9	
1526	-265,8	
1527	-267,3	
1528	-265,9	
1529	-266,6	
1530	-258,5	
1531	-266,4	
1532	-266,1	
1533	-269,0	
1534	-260,0	
1535	-264,8	
1536	-271,4	
1537	-267,3	
1538	-267,0	
1539	-270,1	
1540	-266,3	
1541	-271,5	
1542	-268,9	
1543	-270,1	
1544	-262,2	
1545	-273,5	
1546	-270,4	
1547	-259,8	
1548	-272,8	
1549	-275,0	
1550	-275,5	
1551	-269,9	
1552	-269,2	
1553	-271,6	
1554	-272,7	
1555	-272,6	
1556	-268,1	
1557	-267,0	
1558	-269,1	
1559	-270,0	
1560	-271,6	
1561	-272,9	
1562	-270,1	
1563	-271,2	
1564	-273,2	
1565	-271,8	
1566	-274,1	
1567	-276,4	
1568	-272,2	
1569	-274,6	
1570	-275,3	
1571	-264,7	
1572	-273,9	
1573	-276,1	
1574	-274,9	
1575	-274,1	
1576	-269,7	
1577	-274,7	
1578	-271,7	
1579	-275,4	
1580	-276,5	
1581	-277,6	
1582	-278,2	
1583	-274,2	
1584	-276,4	
1585	-279,6	
1586	-275,0	
1587	-269,6	
1588	-276,9	
1589	-281,6	
1590	-274,2	
1591	-278,9	
1592	-274,8	
1593	-280,2	
1594	-272,0	
1595	-281,8	
1596	-276,0	
1597	-278,6	
1598	-275,3	
1599	-279,1	
1600	-282,8	
1601	-283,7	
1602	-275,9	
1603	-284,0	
1604	-286,0	
1605	-266,0	
1606	-283,1	
1607	-276,3	
1608	-269,0	
1609	-286,9	
1610	-284,7	
1611	-286,7	
1612	-272,0	
1613	-286,3	
1614	-284,6	
1615	-283,6	
1616	-280,7	
1617	-275,9	
1618	-282,5	
1619	-278,4	
1620	-285,3	
1621	-283,8	
1622	-278,6	
1623	-279,5	
1624	-272,2	
1625	-281,9	
1626	-277,0	
1627	-281,4	
1628	-284,5	
1629	-283,1	
1630	-281,0	
1631	-284,2	
1632	-284,9	
1633	-283,1	
1634	-286,6	
1635	-284,3	
1636	-285,7	
1637	-285,4	
1638	-282,8	
1639	-288,2	
1640	-285,3	
1641	-285,7	
1642	-284,6	
1643	-281,5	
1644	-280,5	
1645	-285,1	
1646	-287,2	
1647	-285,7	
1648	-285,4	
1649	-285,5	
1650	-285,1	
1651	-287,1	
1652	-287,1	
1653	-285,5	
1654	-285,6	
1655	-288,4	
1656	-286,5	
1657	-291,9	
1658	-288,1	
1659	-277,6	
1660	-281,9	
1661	-286,5	
1662	-287,7	
1663	-288,8	
1664	-293,6	
1665	-289,3	
1666	-287,7	
1667	-284,0	
1668	-291,4	
1669	-289,0	
1670	-290,9	
1671	-285,9	
1672	-288,1	
1673	-287,5	
1674	-284,6	
1675	-280,8	
1676	-290,8	
1677	-289,7	
1678	-289,7	
1679	-286,6	
1680	-283,2	
1681	-280,7	
1682	-279,3	
1683	-283,0	
1684	-289,2	
1685	-289,5	
1686	-288,0	
1687	-283,9	
1688	-279,0	
1689	-287,3	
1690	-290,8	
1691	-284,9	
1692	-278,5	
1693	-283,6	
1694	-287,7	
1695	-280,6	
1696	-289,3	
1697	-288,3	
1698	-279,8	
1699	-288,8	
1700	-290,6	
1701	-290,1	
1702	-282,8	
1703	-284,8	
1704	-286,5	
1705	-287,1	
1706	-289,5	
1707	-287,7	
1708	-286,7	
1709	-275,2	
1710	-288,9	
1711	-276,8	
1712	-287,2	
1713	-289,7	
1714	-287,0	
1715	-284,8	
1716	-289,1	
1717	-291,2	
1718	-283,4	
1719	-279,4	
1720	-284,4	
1721	-283,7	
1722	-276,1	
1723	-291,4	
1724	-283,5	
1725	-283,9	
1726	-290,8	
1727	-289,7	
1728	-286,4	
1729	-290,0	
1730	-282,8	
1731	-286,0	
1732	-292,2	
1733	-283,3	
1734	-287,5	
1735	-286,5	
1736	-287,4	
1737	-288,2	
1738	-286,2	
1739	-289,2	
1740	-287,9	
1741	-282,7	
1742	-288,3	
1743	-288,6	
1744	-291,0	
1745	-286,8	
1746	-287,3	
1747	-290,3	
1748	-280,7	
1749	-289,2	
1750	-279,9	
1751	-293,0	
1752	-286,4	
1753	-288,3	
1754	-289,6	
1755	-289,3	
1756	-285,6	
1757	-285,4	
1758	-290,4	
1759	-289,6	
1760	-287,6	
1761	-287,5	
1762	-283,6	
1763	-286,0	
1764	-293,2	
1765	-288,0	
1766	-283,6	
1767	-284,9	
1768	-282,4	
1769	-289,6	
1770	-286,0	
1771	-291,9	
1772	-288,3	
1773	-290,7	
1774	-289,7	
1775	-290,2	
1776	-289,9	
1777	-290,9	
1778	-283,7	
1779	-288,2	
1780	-283,3	
1781	-288,1	
1782	-288,8	
1783	-287,5	
1784	-285,8	
1785	-283,1	
1786	-287,8	
1787	-287,7	
1788	-289,0	
1789	-290,0	
1790	-291,2	
1791	-293,5	
1792	-293,2	
1793	-282,8	
1794	-276,5	
1795	-289,0	
1796	-286,0	
1797	-284,7	
1798	-293,2	
1799	-286,7	
1800	-287,6	
1801	-287,0	
1802	-286,7	
1803	-288,5	
1804	-284,8	
1805	-286,1	
1806	-287,2	
1807	-285,8	
1808	-283,6	
1809	-282,6	
1810	-286,0	
1811	-288,0	
1812	-288,2	
1813	-280,7	
1814	-281,8	
1815	-287,0	
1816	-288,6	
1817	-287,5	
1818	-276,4	
1819	-285,7	
1820	-285,3	
1821	-279,0	
1822	-282,2	
1823	-288,0	
1824	-284,6	
1825	-284,9	
1826	-282,1	
1827	-285,4	
1828	-288,4	
1829	-289,9	
1830	-281,2	
1831	-283,8	
1832	-281,8	
1833	-287,2	
1834	-275,5	
1835	-288,2	
1836	-286,4	
1837	-279,8	
1838	-288,6	
1839	-288,2	
1840	-279,2	
1841	-283,1	
1842	-285,7	
1843	-279,6	
1844	-280,4	
1845	-290,8	
1846	-286,3	
1847	-290,2	
1848	-286,5	
1849	-281,9	
1850	-282,0	
1851	-279,4	
1852	-280,3	
1853	-287,4	
1854	-282,3	
1855	-273,5	
1856	-281,3	
1857	-283,7	
1858	-280,6	
1859	-279,2	
1860	-278,8	
1861	-280,0	
1862	-279,2	
1863	-276,6	
1864	-280,6	
1865	-271,5	
1866	-281,4	
1867	-282,0	
1868	-274,2	
1869	-273,0	
1870	-259,8	
1871	-284,3	
1872	-283,5	
1873	-271,5	
1874	-275,1	
1875	-278,4	
1876	-268,7	
1877	-283,3	
1878	-279,6	
1879	-268,9	
1880	-280,1	
1881	-281,4	
1882	-273,8	
1883	-272,8	
1884	-277,9	
1885	-279,3	
1886	-274,7	
1887	-277,5	
1888	-266,4	
1889	-275,4	
1890	-282,2	
1891	-272,1	
1892	-277,8	
1893	-276,9	
1894	-274,9	
1895	-268,1	
1896	-271,6	
1897	-278,4	
1898	-266,3	
1899	-276,6	
1900	-272,4	
1901	-276,0	
1902	-270,1	
1903	-272,4	
1904	-274,6	
1905	-273,1	
1906	-270,8	
1907	-268,9	
1908	-273,7	
1909	-268,3	
1910	-272,3	
1911	-272,6	
1912	-271,2	
1913	-268,7	
1914	-272,6	
1915	-265,2	
1916	-267,6	
1917	-267,7	
1918	-268,1	
1919	-269,0	
1920	-264,9	
1921	-267,0	
1922	-270,4	
1923	-266,8	
1924	-269,8	
1925	-269,0	
1926	-271,1	
1927	-269,3	
1928	-266,4	
1929	-268,4	
1930	-267,6	
1931	-266,9	
1932	-267,6	
1933	-264,9	
1934	-269,6	
1935	-260,2	
1936	-262,1	
1937	-263,3	
1938	-266,8	
1939	-260,3	
1940	-262,8	
1941	-258,0	
1942	-266,7	
1943	-261,5	
1944	-260,3	
1945	-263,2	
1946	-260,1	
1947	-262,0	
1948	-262,6	
1949	-259,5	
1950	-257,8	
1951	-263,4	
1952	-258,3	
1953	-257,0	
1954	-254,6	
1955	-259,4	
1956	-258,8	
1957	-262,1	
1958	-254,5	
1959	-258,5	
1960	-258,1	
1961	-262,5	
1962	-256,4	
1963	-261,1	
1964	-258,7	
1965	-255,0	
1966	-251,5	
1967	-251,6	
1968	-255,4	
1969	-260,6	
1970	-252,4	
1971	-255,7	
1972	-259,0	
1973	-255,4	
1974	-258,9	
1975	-258,1	
1976	-255,4	
1977	-256,5	
1978	-251,5	
1979	-250,4	
1980	-250,5	
1981	-254,9	
1982	-252,2	
1983	-247,7	
1984	-252,8	
1985	-251,9	
1986	-250,4	
1987	-249,7	
1988	-251,5	
1989	-252,2	
1990	-248,3	
1991	-244,8	
1992	-253,1	
1993	-246,5	
1994	-250,3	
1995	-250,5	
1996	-254,1	
1997	-251,3	
1998	-248,1	
1999	-251,2	
2000	-249,9	
2001	-250,3	
2002	-248,3	
2003	-251,0	
2004	-252,1	
2005	-249,1	
2006	-248,2	
2007	-250,4	
2008	-248,8	
2009	-246,9	
2010	-246,5	
2011	-243,8	
2012	-247,8	
2013	-242,2	
2014	-239,0	
2015	-243,9	
2016	-242,2	
2017	-244,3	
2018	-243,3	
2019	-244,7	
2020	-245,1	
2021	-243,1	
2022	-244,6	
2023	-243,6	
2024	-233,3	
2025	-242,5	
2026	-234,2	
2027	-236,5	
2028	-235,1	
2029	-235,0	
2030	-238,4	
2031	-235,5	
2032	-237,6	
2033	-235,8	
2034	-235,1	
2035	-235,7	
2036	-239,5	
2037	-238,4	
2038	-236,0	
2039	-234,7	
2040	-233,8	
2041	-233,5	
2042	-236,8	
2043	-238,3	
2044	-238,5	
2045	-234,4	
2046	-221,0	
2047	-231,3	
2048	-232,6	
2049	-234,6	
2050	-236,7	
2051	-230,6	
2052	-229,9	
2053	-234,9	
2054	-230,4	
2055	-225,7	
2056	-226,8	
2057	-231,3	
2058	-228,7	
2059	-232,4	
2060	-228,9	
2061	-228,5	
2062	-223,4	
2063	-230,8	
2064	-230,6	
2065	-225,5	
2066	-230,6	
2067	-224,1	
2068	-229,0	
2069	-230,5	
2070	-230,0	
2071	-227,5	
2072	-228,2	
2073	-230,2	
2074	-222,9	
2075	-230,5	
2076	-229,6	
2077	-226,3	
2078	-225,5	
2079	-223,2	
2080	-218,6	
2081	-222,4	
2082	-221,3	
2083	-225,4	
2084	-223,9	
2085	-218,6	
2086	-220,0	
2087	-217,5	
2088	-223,1	
2089	-218,0	
2090	-218,7	
2091	-219,6	
2092	-221,8	
2093	-220,5	
2094	-217,9	
2095	-215,4	
2096	-215,7	
2097	-216,3	
2098	-216,3	
2099	-214,5	
2100	-209,3	
2101	-209,4	
2102	-216,1	
2103	-215,0	
2104	-212,9	
2105	-212,8	
2106	-210,1	
2107	-205,2	
2108	-211,8	
2109	-209,7	
2110	-211,1	
2111	-211,9	
2112	-212,5	
2113	-210,3	
2114	-213,7	
2115	-206,8	
2116	-208,1	
2117	-206,2	
2118	-204,3	
2119	-206,9	
2120	-211,6	
2121	-209,5	
2122	-205,0	
2123	-207,6	
2124	-209,6	
2125	-205,5	
2126	-204,9	
2127	-207,7	
2128	-207,2	
2129	-202,3	
2130	-201,1	
2131	-201,7	
2132	-202,5	
2133	-200,8	
2134	-193,3	
2135	-206,9	
2136	-202,1	
2137	-203,8	
2138	-198,1	
2139	-199,1	
2140	-200,9	
2141	-198,0	
2142	-196,5	
2143	-203,2	
2144	-193,3	
2145	-195,6	
2146	-197,9	
2147	-189,1	
2148	-198,0	
2149	-193,3	
2150	-194,1	
2151	-197,9	
2152	-186,6	
2153	-191,4	
2154	-192,1	
2155	-195,1	
2156	-195,9	
2157	-195,0	
2158	-194,1	
2159	-196,5	
2160	-192,3	
2161	-189,6	
2162	-191,4	
2163	-192,8	
2164	-192,4	
2165	-189,4	
2166	-191,1	
2167	-190,5	
2168	-188,5	
2169	-188,5	
2170	-186,1	
2171	-184,2	
2172	-188,4	
2173	-184,2	
2174	-188,7	
2175	-176,2	
2176	-185,6	
2177	-186,6	
2178	-186,4	
2179	-188,7	
2180	-184,8	
2181	-184,4	
2182	-185,9	
2183	-183,8	
2184	-184,7	
2185	-176,1	
2186	-184,4	
2187	-182,8	
2188	-180,1	
2189	-184,9	
2190	-179,8	
2191	-180,2	
2192	-181,8	
2193	-180,6	
2194	-179,9	
2195	-176,4	
2196	-174,5	
2197	-171,8	
2198	-178,2	
2199	-175,5	
2200	-177,2	
2201	-174,6	
2202	-176,7	
2203	-171,9	
2204	-172,9	
2205	-174,4	
2206	-173,0	
2207	-170,8	
2208	-170,3	
2209	-174,0	
2210	-171,9	
2211	-174,9	
2212	-168,9	
2213	-173,5	
2214	-163,1	
2215	-167,5	
2216	-170,3	
2217	-172,3	
2218	-169,9	
2219	-171,1	
2220	-167,0	
2221	-168,8	
2222	-169,8	
2223	-166,9	
2224	-167,7	
2225	-166,2	
2226	-165,5	
2227	-161,5	
2228	-163,7	
2229	-160,3	
2230	-155,8	
2231	-163,2	
2232	-160,4	
2233	-161,1	
2234	-150,1	
2235	-159,8	
2236	-160,0	
2237	-160,4	
2238	-160,4	
2239	-158,6	
2240	-154,4	
2241	-158,6	
2242	-155,7	
2243	-156,8	
2244	-154,0	
2245	-154,0	
2246	-153,8	
2247	-153,4	
2248	-159,2	
2249	-156,6	
2250	-146,0	
2251	-147,4	
2252	-152,3	
2253	-145,3	
2254	-151,1	
2255	-138,4	
2256	-155,5	
2257	-143,7	
2258	-150,5	
2259	-143,9	
2260	-146,1	
2261	-150,6	
2262	-141,0	
2263	-141,4	
2264	-151,1	
2265	-150,2	
2266	-151,5	
2267	-151,6	
2268	-151,0	
2269	-149,6	
2270	-145,5	
2271	-143,9	
2272	-140,4	
2273	-132,0	
2274	-141,3	
2275	-140,7	
2276	-141,5	
2277	-135,9	
2278	-140,2	
2279	-138,8	
2280	-138,5	
2281	-140,4	
2282	-139,2	
2283	-144,5	
2284	-142,8	
2285	-138,0	
2286	-133,1	
2287	-137,2	
2288	-135,6	
2289	-131,2	
2290	-137,8	
2291	-137,9	
2292	-130,2	
2293	-135,3	
2294	-135,6	
2295	-134,5	
2296	-132,9	
2297	-133,4	
2298	-128,1	
2299	-133,6	
2300	-129,0	
2301	-131,8	
2302	-132,4	
2303	-131,5	
2304	-123,9	
2305	-124,9	
2306	-119,2	
2307	-117,5	
2308	-123,2	
2309	-127,0	
2310	-125,2	
2311	-125,1	
2312	-120,9	
2313	-123,5	
2314	-121,6	
2315	-123,0	
2316	-122,9	
2317	-121,3	
2318	-122,6	
2319	-122,3	
2320	-120,5	
2321	-120,5	
2322	-120,3	
2323	-120,3	
2324	-123,8	
2325	-121,4	
2326	-119,9	
2327	-122,5	
2328	-117,4	
2329	-114,7	
2330	-118,2	
2331	-117,8	
2332	-115,7	
2333	-112,7	
2334	-115,0	
2335	-113,8	
2336	-108,9	
2337	-109,9	
2338	-107,1	
2339	-105,2	
2340	-111,4	
2341	-110,8	
2342	-109,7	
2343	-105,0	
2344	-106,2	
2345	-106,8	
2346	-100,6	
2347	-108,5	
2348	-106,1	
2349	-107,2	
2350	-103,1	
2351	-105,5	
2352	-101,8	
2353	-107,8	
2354	-106,9	
2355	-104,9	
2356	-104,9	
2357	-102,0	
2358	-103,0	
2359	-97,9	
2360	-102,4	
2361	-102,5	
2362	-106,4	
2363	-102,6	
2364	-97,5	
2365	-103,3	
2366	-101,0	
2367	-100,6	
2368	-97,2	
2369	-97,0	
2370	-98,0	
2371	-94,6	
2372	-93,3	
2373	-96,2	
2374	-93,0	
2375	-95,4	
2376	-88,7	
2377	-97,8	
2378	-98,7	
2379	-97,0	
2380	-95,9	
2381	-96,3	
2382	-93,3	
2383	-88,7	
2384	-90,0	
2385	-91,2	
2386	-89,4	
2387	-87,3	
2388	-86,2	
2389	-86,8	
2390	-86,7	
2391	-87,6	
2392	-88,1	
2393	-89,5	
2394	-76,2	
2395	-81,9	
2396	-81,4	
2397	-80,2	
2398	-82,9	
2399	-83,8	
2400	-80,7	
2401	-79,5	
2402	-83,0	
2403	-73,1	
2404	-77,4	
2405	-75,8	
2406	-79,2	
2407	-78,9	
2408	-75,8	
2409	-81,5	
2410	-78,0	
2411	-80,2	
2412	-74,9	
2413	-76,0	
2414	-77,6	
2415	-75,5	
2416	-75,8	
2417	-77,5	
2418	-70,3	
2419	-71,7	
2420	-61,5	
2421	-72,5	
2422	-75,8	
2423	-59,5	
2424	-71,3	
2425	-70,8	
2426	-65,5	
2427	-70,2	
2428	-70,6	
2429	-66,9	
2430	-64,0	
2431	-63,8	
2432	-73,9	
2433	-72,3	
2434	-66,2	
2435	-68,8	
2436	-57,4	
2437	-59,4	
2438	-56,0	
2439	-64,0	
2440	-60,5	
2441	-63,7	
2442	-59,0	
2443	-61,3	
2444	-58,3	
2445	-59,8	
2446	-56,1	
2447	-59,9	
2448	-60,5	
2449	-60,4	
2450	-56,8	
2451	-49,1	
2452	-57,3	
2453	-56,1	
2454	-55,7	
2455	-55,0	
2456	-51,4	
2457	-53,8	
2458	-50,5	
2459	-53,1	
2460	-50,0	
2461	-47,2	
2462	-48,4	
2463	-53,4	
2464	-52,0	
2465	-50,2	
2466	-43,4	
2467	-45,5	
2468	-49,2	
2469	-48,1	
2470	-47,7	
2471	-46,8	
2472	-42,8	
2473	-45,8	
2474	-42,9	
2475	-48,1	
2476	-44,5	
2477	-45,1	
2478	-41,1	
2479	-35,7	
2480	-47,1	
2481	-37,5	
2482	-42,0	
2483	-42,7	
2484	-37,9	
2485	-41,6	
2486	-38,4	
2487	-44,1	
2488	-40,2	
2489	-33,6	
2490	-37,5	
2491	-35,9	
2492	-39,8	
2493	-30,8	
2494	-33,7	
2495	-34,1	
2496	-39,3	
2497	-33,0	
2498	-36,3	
2499	-30,3	
2500	-21,6	
2501	-21,2	
2502	-33,7	
2503	-30,2	
2504	-26,9	
2505	-28,1	
2506	-32,2	
2507	-31,7	
2508	-28,4	
2509	-24,8	
2510	-32,4	
2511	-30,0	
2512	-32,2	
2513	-16,1	
2514	-27,2	
2515	-27,5	
2516	-23,9	
2517	-25,6	
2518	-24,4	
2519	-22,5	
2520	-22,7	
2521	-22,4	
2522	-23,5	
2523	-13,4	
2524	-22,1	
2525	-14,4	
2526	-24,6	
2527	-23,8	
2528	-23,8	
2529	-17,3	
2530	-18,5	
2531	-16,6	
2532	-14,1	
2533	-13,8	
2534	-16,7	
2535	-22,1	
2536	-20,1	
2537	-13,1	
2538	-18,1	
2539	-19,1	
2540	-14,5	
2541	-15,9	
2542	-16,6	
2543	-17,0	
2544	-16,6	
2545	-7,2	
2546	-15,1	
2547	-14,9	
2548	-12,7	
2549	-15,6	
2550	-9,5	
2551	-1,5	
2552	-10,9	
2553	-13,4	
2554	-13,8	
2555	-8,1	
2556	-8,4	
2557	-9,2	
2558	-10,5	
2559	-9,0	
2560	-7,8	
2561	-9,5	
2562	-1,8	
2563	-6,6	
2564	-4,8	
2565	-6,5	
2566	-4,4	
2567	-6,6	
2568	-2,8	
2569	0,2	
2570	5,8	
2571	4,9	
2572	-0,2	
2573	6,4	
2574	-0,9	
2575	2,7	
2576	-2,9	
2577	3,6	
2578	-2,3	
2579	0,0	
2580	1,6	
2581	-2,3	
2582	2,5	
2583	0,4	
2584	-0,5	
2585	15,0	
2586	2,4	
2587	-0,7	
2588	6,7	
2589	1,5	
2590	6,0	
