[HEADER]
H01=项目编号:
H02=项目注释:
H03=用户:
H04=测量日期:	21.04.2023
H05=测量时间:	16:19:56
H06=文件名称:	C:\Users\Test-02\Desktop\421HF\12左\file_00.dat
H07=车厢号码:
H08=轮副:
H09=轨道基本间距:	0
H10=轨迹偏移:	0
H11=测量点数:	2587
H12=测量:	好
H14=轮子:	L
H13=扩展注释:
[MeasurementData]
[mm] [µm]
0	0,0	
1	2,8	
2	5,7	
3	4,0	
4	5,0	
5	5,5	
6	9,0	
7	4,1	
8	4,9	
9	7,5	
10	4,9	
11	12,4	
12	6,9	
13	9,7	
14	8,3	
15	8,9	
16	9,3	
17	8,8	
18	6,7	
19	8,9	
20	11,8	
21	13,3	
22	11,5	
23	10,0	
24	11,9	
25	12,2	
26	13,2	
27	15,1	
28	14,2	
29	12,7	
30	13,0	
31	14,4	
32	13,8	
33	12,0	
34	16,6	
35	14,7	
36	18,2	
37	13,8	
38	14,7	
39	18,0	
40	14,7	
41	18,1	
42	15,8	
43	19,2	
44	19,2	
45	19,5	
46	20,0	
47	20,8	
48	17,9	
49	18,7	
50	24,7	
51	24,4	
52	21,2	
53	21,3	
54	19,9	
55	20,4	
56	21,2	
57	22,7	
58	25,4	
59	25,0	
60	22,7	
61	22,8	
62	28,5	
63	24,7	
64	24,4	
65	28,6	
66	34,1	
67	25,1	
68	26,2	
69	28,5	
70	32,2	
71	26,9	
72	30,8	
73	29,2	
74	28,2	
75	29,3	
76	27,2	
77	27,9	
78	27,3	
79	28,5	
80	29,5	
81	28,9	
82	38,6	
83	34,1	
84	28,5	
85	34,4	
86	29,8	
87	32,0	
88	30,0	
89	28,0	
90	34,6	
91	31,8	
92	48,4	
93	34,4	
94	30,5	
95	29,3	
96	29,5	
97	30,3	
98	30,3	
99	34,2	
100	33,5	
101	33,6	
102	33,9	
103	35,9	
104	36,4	
105	35,0	
106	34,5	
107	36,7	
108	34,5	
109	34,4	
110	34,6	
111	34,6	
112	38,1	
113	36,5	
114	40,6	
115	53,4	
116	38,4	
117	38,6	
118	42,2	
119	40,1	
120	39,4	
121	39,3	
122	42,1	
123	39,3	
124	41,4	
125	39,3	
126	41,9	
127	40,8	
128	49,7	
129	38,9	
130	46,6	
131	45,7	
132	42,9	
133	56,0	
134	40,8	
135	44,1	
136	40,2	
137	44,4	
138	44,2	
139	41,7	
140	42,4	
141	43,2	
142	44,9	
143	46,3	
144	47,2	
145	46,0	
146	47,9	
147	46,5	
148	51,1	
149	45,6	
150	47,8	
151	46,7	
152	46,5	
153	47,6	
154	48,3	
155	47,6	
156	46,9	
157	45,6	
158	48,2	
159	47,9	
160	47,3	
161	52,0	
162	48,1	
163	50,3	
164	50,9	
165	50,0	
166	47,6	
167	50,9	
168	47,5	
169	50,1	
170	49,1	
171	51,8	
172	49,9	
173	51,1	
174	49,6	
175	51,3	
176	51,4	
177	57,1	
178	53,2	
179	50,0	
180	50,9	
181	50,6	
182	50,4	
183	51,1	
184	50,4	
185	52,3	
186	53,5	
187	55,3	
188	51,4	
189	53,0	
190	52,8	
191	54,3	
192	55,5	
193	60,6	
194	54,2	
195	52,2	
196	53,6	
197	54,4	
198	53,5	
199	55,0	
200	53,7	
201	53,9	
202	52,0	
203	53,2	
204	52,1	
205	53,1	
206	55,5	
207	54,3	
208	54,3	
209	52,8	
210	52,0	
211	54,7	
212	52,2	
213	52,2	
214	54,8	
215	52,6	
216	53,6	
217	54,4	
218	53,5	
219	53,1	
220	52,9	
221	52,5	
222	54,4	
223	53,1	
224	52,8	
225	53,0	
226	54,4	
227	53,5	
228	52,7	
229	53,5	
230	53,8	
231	53,6	
232	53,9	
233	55,7	
234	55,2	
235	54,9	
236	55,1	
237	56,3	
238	55,8	
239	55,7	
240	56,2	
241	55,9	
242	56,6	
243	56,3	
244	57,5	
245	56,3	
246	56,6	
247	56,8	
248	56,6	
249	55,9	
250	57,0	
251	55,0	
252	56,0	
253	55,3	
254	55,3	
255	55,5	
256	57,0	
257	57,8	
258	57,0	
259	56,5	
260	56,6	
261	57,0	
262	56,9	
263	57,8	
264	58,4	
265	57,9	
266	59,0	
267	59,4	
268	58,4	
269	56,5	
270	58,2	
271	57,7	
272	57,9	
273	58,6	
274	58,4	
275	57,9	
276	58,6	
277	58,3	
278	58,8	
279	58,8	
280	59,1	
281	57,5	
282	59,2	
283	59,7	
284	58,8	
285	57,4	
286	59,0	
287	58,4	
288	58,0	
289	62,0	
290	59,8	
291	60,1	
292	57,9	
293	60,5	
294	59,9	
295	57,3	
296	61,5	
297	57,9	
298	57,9	
299	60,2	
300	58,8	
301	58,7	
302	58,3	
303	59,1	
304	60,5	
305	58,2	
306	57,9	
307	61,8	
308	58,7	
309	59,1	
310	58,7	
311	57,8	
312	58,0	
313	59,5	
314	58,3	
315	59,2	
316	57,4	
317	59,0	
318	59,3	
319	57,3	
320	57,1	
321	57,7	
322	57,4	
323	57,4	
324	56,9	
325	57,7	
326	57,2	
327	58,6	
328	56,4	
329	57,6	
330	55,6	
331	56,7	
332	57,5	
333	55,7	
334	56,4	
335	56,5	
336	57,2	
337	55,7	
338	55,4	
339	54,9	
340	54,5	
341	53,2	
342	53,0	
343	53,7	
344	53,1	
345	54,8	
346	55,4	
347	53,7	
348	53,4	
349	57,1	
350	56,6	
351	53,1	
352	54,1	
353	54,4	
354	55,0	
355	53,0	
356	53,5	
357	55,7	
358	55,7	
359	54,6	
360	56,4	
361	53,2	
362	56,5	
363	54,7	
364	54,7	
365	54,7	
366	55,4	
367	53,8	
368	54,2	
369	53,8	
370	53,2	
371	53,6	
372	53,5	
373	53,3	
374	52,7	
375	54,0	
376	54,4	
377	54,1	
378	53,8	
379	54,5	
380	53,2	
381	53,1	
382	55,1	
383	53,3	
384	52,2	
385	54,9	
386	52,6	
387	52,2	
388	51,5	
389	52,4	
390	51,9	
391	51,3	
392	51,6	
393	53,3	
394	52,5	
395	52,6	
396	52,3	
397	58,1	
398	51,8	
399	50,8	
400	50,8	
401	51,1	
402	49,7	
403	50,6	
404	53,1	
405	51,8	
406	49,6	
407	51,3	
408	52,4	
409	49,6	
410	49,7	
411	55,2	
412	50,7	
413	49,1	
414	51,7	
415	49,9	
416	50,1	
417	49,9	
418	50,3	
419	49,4	
420	49,7	
421	48,8	
422	49,5	
423	49,3	
424	50,6	
425	49,2	
426	49,7	
427	48,0	
428	48,6	
429	47,6	
430	47,5	
431	47,4	
432	47,4	
433	47,5	
434	47,0	
435	47,2	
436	48,6	
437	46,8	
438	46,2	
439	45,8	
440	46,7	
441	51,6	
442	44,8	
443	47,6	
444	45,3	
445	45,4	
446	46,1	
447	44,4	
448	46,7	
449	50,5	
450	44,1	
451	44,3	
452	43,7	
453	43,1	
454	47,6	
455	44,5	
456	42,9	
457	43,4	
458	42,7	
459	43,4	
460	43,8	
461	43,3	
462	44,8	
463	43,9	
464	42,6	
465	41,8	
466	42,7	
467	42,4	
468	41,0	
469	41,8	
470	40,8	
471	42,9	
472	41,2	
473	40,6	
474	38,5	
475	39,0	
476	38,5	
477	37,7	
478	37,4	
479	37,3	
480	37,8	
481	37,9	
482	39,0	
483	36,9	
484	37,5	
485	39,8	
486	38,2	
487	35,2	
488	35,2	
489	35,1	
490	34,4	
491	35,7	
492	35,5	
493	38,6	
494	35,2	
495	34,8	
496	36,8	
497	35,1	
498	36,2	
499	36,2	
500	40,9	
501	33,9	
502	35,2	
503	32,3	
504	32,3	
505	31,4	
506	30,8	
507	32,8	
508	35,4	
509	30,7	
510	30,8	
511	31,2	
512	31,4	
513	30,7	
514	29,5	
515	29,6	
516	31,2	
517	29,8	
518	29,2	
519	30,3	
520	29,3	
521	30,7	
522	31,6	
523	29,9	
524	29,6	
525	29,1	
526	33,0	
527	28,7	
528	28,8	
529	29,0	
530	26,1	
531	26,8	
532	27,0	
533	26,2	
534	25,6	
535	26,7	
536	28,2	
537	27,5	
538	25,5	
539	26,6	
540	25,6	
541	27,2	
542	25,7	
543	24,2	
544	23,7	
545	26,2	
546	26,7	
547	24,0	
548	26,4	
549	24,4	
550	26,6	
551	25,2	
552	24,0	
553	24,8	
554	25,6	
555	23,9	
556	25,4	
557	21,7	
558	25,7	
559	21,5	
560	21,2	
561	22,1	
562	24,4	
563	22,7	
564	21,4	
565	20,8	
566	23,4	
567	24,6	
568	22,3	
569	19,3	
570	19,6	
571	20,5	
572	18,9	
573	24,8	
574	20,0	
575	21,3	
576	18,8	
577	17,9	
578	18,9	
579	17,1	
580	19,8	
581	18,1	
582	16,2	
583	19,9	
584	20,1	
585	16,3	
586	17,2	
587	18,1	
588	16,0	
589	17,4	
590	15,0	
591	15,1	
592	17,7	
593	14,7	
594	13,0	
595	13,2	
596	12,1	
597	13,2	
598	11,7	
599	12,3	
600	10,9	
601	11,9	
602	9,7	
603	10,7	
604	10,2	
605	10,3	
606	7,9	
607	9,2	
608	10,4	
609	7,5	
610	9,4	
611	12,0	
612	9,0	
613	7,8	
614	8,1	
615	9,2	
616	7,5	
617	6,5	
618	6,0	
619	5,3	
620	7,4	
621	5,2	
622	5,5	
623	5,1	
624	5,0	
625	5,6	
626	3,8	
627	9,7	
628	5,1	
629	6,0	
630	5,5	
631	3,9	
632	5,8	
633	2,5	
634	3,3	
635	1,8	
636	3,3	
637	3,1	
638	0,6	
639	2,7	
640	3,2	
641	8,4	
642	2,1	
643	0,4	
644	0,0	
645	0,8	
646	2,0	
647	-0,6	
648	4,0	
649	2,4	
650	0,9	
651	-1,7	
652	-0,3	
653	0,6	
654	-0,5	
655	-0,3	
656	4,8	
657	-2,2	
658	-2,9	
659	-5,6	
660	-6,6	
661	-5,4	
662	-5,3	
663	-6,2	
664	-5,8	
665	-1,4	
666	-6,4	
667	-5,2	
668	-5,2	
669	-7,0	
670	-6,2	
671	-5,6	
672	-5,4	
673	-6,3	
674	-6,2	
675	-7,7	
676	-0,6	
677	-9,7	
678	-9,1	
679	-10,6	
680	-5,1	
681	-1,4	
682	-9,8	
683	-10,1	
684	-11,4	
685	-10,3	
686	-12,1	
687	-12,6	
688	-10,0	
689	-11,8	
690	-13,0	
691	-13,2	
692	-13,1	
693	-12,3	
694	-12,7	
695	-13,5	
696	-14,6	
697	-12,7	
698	-14,9	
699	-12,7	
700	-14,5	
701	-14,1	
702	-16,7	
703	-13,0	
704	-16,0	
705	-16,7	
706	-17,9	
707	-15,9	
708	-17,6	
709	-19,1	
710	-19,2	
711	-17,5	
712	-19,4	
713	-20,1	
714	-16,3	
715	-19,7	
716	-18,6	
717	-17,9	
718	-20,2	
719	-19,8	
720	-14,4	
721	-20,6	
722	-17,5	
723	-21,7	
724	-22,2	
725	-22,0	
726	-19,8	
727	-23,2	
728	-19,5	
729	-20,1	
730	-25,5	
731	-25,8	
732	-26,4	
733	-25,0	
734	-24,8	
735	-23,4	
736	-22,1	
737	-26,5	
738	-29,2	
739	-19,5	
740	-26,9	
741	-26,4	
742	-28,2	
743	-29,7	
744	-30,2	
745	-28,0	
746	-27,7	
747	-30,9	
748	-29,4	
749	-25,7	
750	-31,7	
751	-26,3	
752	-29,2	
753	-29,5	
754	-25,3	
755	-32,2	
756	-34,0	
757	-28,8	
758	-33,1	
759	-33,6	
760	-32,7	
761	-33,6	
762	-34,7	
763	-30,4	
764	-35,9	
765	-33,8	
766	-34,0	
767	-36,8	
768	-37,9	
769	-37,3	
770	-37,7	
771	-37,1	
772	-38,1	
773	-39,1	
774	-38,7	
775	-39,5	
776	-27,0	
777	-39,7	
778	-40,9	
779	-40,5	
780	-39,0	
781	-42,3	
782	-41,6	
783	-41,8	
784	-42,0	
785	-41,4	
786	-41,3	
787	-41,9	
788	-42,6	
789	-42,3	
790	-41,0	
791	-40,7	
792	-44,4	
793	-41,8	
794	-46,1	
795	-45,4	
796	-42,3	
797	-44,8	
798	-47,7	
799	-44,9	
800	-42,9	
801	-47,1	
802	-49,1	
803	-49,0	
804	-47,0	
805	-35,3	
806	-49,0	
807	-49,2	
808	-50,5	
809	-50,4	
810	-50,6	
811	-51,6	
812	-51,6	
813	-49,5	
814	-51,3	
815	-51,6	
816	-51,5	
817	-42,6	
818	-49,2	
819	-51,9	
820	-52,2	
821	-51,9	
822	-52,0	
823	-50,8	
824	-54,4	
825	-55,0	
826	-50,8	
827	-52,5	
828	-57,3	
829	-53,4	
830	-57,4	
831	-57,0	
832	-56,1	
833	-55,7	
834	-54,2	
835	-56,9	
836	-54,0	
837	-56,6	
838	-58,6	
839	-53,7	
840	-54,7	
841	-58,6	
842	-60,7	
843	-58,7	
844	-59,4	
845	-58,7	
846	-60,9	
847	-62,8	
848	-62,8	
849	-61,3	
850	-60,6	
851	-64,3	
852	-62,7	
853	-64,4	
854	-63,2	
855	-60,9	
856	-63,4	
857	-62,8	
858	-60,3	
859	-65,3	
860	-61,5	
861	-64,1	
862	-65,4	
863	-64,7	
864	-64,1	
865	-66,6	
866	-64,0	
867	-62,9	
868	-67,5	
869	-66,5	
870	-69,1	
871	-69,2	
872	-68,9	
873	-62,5	
874	-65,1	
875	-70,4	
876	-69,2	
877	-71,6	
878	-67,2	
879	-72,1	
880	-71,5	
881	-73,8	
882	-74,8	
883	-74,5	
884	-73,7	
885	-76,2	
886	-77,1	
887	-75,7	
888	-78,4	
889	-77,7	
890	-72,1	
891	-75,3	
892	-72,4	
893	-78,1	
894	-78,4	
895	-77,7	
896	-77,8	
897	-80,0	
898	-77,2	
899	-80,4	
900	-76,6	
901	-80,2	
902	-80,0	
903	-81,9	
904	-82,5	
905	-79,2	
906	-81,6	
907	-82,2	
908	-84,0	
909	-79,1	
910	-84,3	
911	-83,2	
912	-82,0	
913	-83,7	
914	-83,2	
915	-82,5	
916	-83,1	
917	-83,5	
918	-83,1	
919	-85,0	
920	-84,0	
921	-86,4	
922	-87,5	
923	-84,8	
924	-87,7	
925	-90,1	
926	-89,1	
927	-88,5	
928	-88,7	
929	-86,8	
930	-87,9	
931	-90,3	
932	-89,0	
933	-87,6	
934	-89,7	
935	-91,7	
936	-91,4	
937	-90,8	
938	-88,2	
939	-90,7	
940	-91,8	
941	-94,0	
942	-94,2	
943	-89,8	
944	-93,1	
945	-94,7	
946	-95,8	
947	-94,3	
948	-89,6	
949	-85,7	
950	-93,9	
951	-93,5	
952	-85,4	
953	-94,4	
954	-88,5	
955	-89,8	
956	-96,4	
957	-94,7	
958	-94,7	
959	-94,9	
960	-94,0	
961	-93,7	
962	-90,7	
963	-90,5	
964	-97,3	
965	-97,3	
966	-98,1	
967	-99,4	
968	-94,8	
969	-100,3	
970	-100,8	
971	-99,3	
972	-103,0	
973	-102,1	
974	-103,2	
975	-103,9	
976	-95,6	
977	-104,6	
978	-102,9	
979	-96,6	
980	-104,7	
981	-106,4	
982	-103,1	
983	-107,8	
984	-105,3	
985	-105,8	
986	-107,1	
987	-107,7	
988	-107,5	
989	-108,7	
990	-109,4	
991	-109,0	
992	-110,0	
993	-107,5	
994	-109,1	
995	-110,3	
996	-109,1	
997	-109,5	
998	-111,1	
999	-109,0	
1000	-110,8	
1001	-111,5	
1002	-113,1	
1003	-112,5	
1004	-112,3	
1005	-114,3	
1006	-111,9	
1007	-113,6	
1008	-112,8	
1009	-114,6	
1010	-106,2	
1011	-114,1	
1012	-116,5	
1013	-115,2	
1014	-115,8	
1015	-116,4	
1016	-116,2	
1017	-118,6	
1018	-115,4	
1019	-116,2	
1020	-118,5	
1021	-115,8	
1022	-116,3	
1023	-121,0	
1024	-119,8	
1025	-121,6	
1026	-121,5	
1027	-123,7	
1028	-123,9	
1029	-123,8	
1030	-124,8	
1031	-126,0	
1032	-114,3	
1033	-126,4	
1034	-125,6	
1035	-124,8	
1036	-124,4	
1037	-127,7	
1038	-126,3	
1039	-126,9	
1040	-125,9	
1041	-124,7	
1042	-126,1	
1043	-126,4	
1044	-124,9	
1045	-126,5	
1046	-124,5	
1047	-126,9	
1048	-128,2	
1049	-123,6	
1050	-124,1	
1051	-126,9	
1052	-129,4	
1053	-130,7	
1054	-128,8	
1055	-130,3	
1056	-130,1	
1057	-131,9	
1058	-133,5	
1059	-132,2	
1060	-131,5	
1061	-131,9	
1062	-133,3	
1063	-133,3	
1064	-135,1	
1065	-132,2	
1066	-131,7	
1067	-135,1	
1068	-136,7	
1069	-137,3	
1070	-136,6	
1071	-133,8	
1072	-137,5	
1073	-137,2	
1074	-136,2	
1075	-136,3	
1076	-137,7	
1077	-125,3	
1078	-138,4	
1079	-138,4	
1080	-138,2	
1081	-136,5	
1082	-140,6	
1083	-141,2	
1084	-138,0	
1085	-136,8	
1086	-141,9	
1087	-132,2	
1088	-143,8	
1089	-143,5	
1090	-142,4	
1091	-140,5	
1092	-144,5	
1093	-135,8	
1094	-144,0	
1095	-138,7	
1096	-144,1	
1097	-143,7	
1098	-143,5	
1099	-145,7	
1100	-144,9	
1101	-145,7	
1102	-146,3	
1103	-145,6	
1104	-146,6	
1105	-148,4	
1106	-146,9	
1107	-145,3	
1108	-145,6	
1109	-148,0	
1110	-144,7	
1111	-147,7	
1112	-147,9	
1113	-148,4	
1114	-149,2	
1115	-149,0	
1116	-149,4	
1117	-149,9	
1118	-151,1	
1119	-150,5	
1120	-151,2	
1121	-148,5	
1122	-150,4	
1123	-151,0	
1124	-144,8	
1125	-153,4	
1126	-153,0	
1127	-150,8	
1128	-152,8	
1129	-150,0	
1130	-151,9	
1131	-152,2	
1132	-153,2	
1133	-152,8	
1134	-156,4	
1135	-156,0	
1136	-155,6	
1137	-155,6	
1138	-157,3	
1139	-158,4	
1140	-158,4	
1141	-158,4	
1142	-159,1	
1143	-159,4	
1144	-158,8	
1145	-156,2	
1146	-160,6	
1147	-163,1	
1148	-158,7	
1149	-162,6	
1150	-153,5	
1151	-161,5	
1152	-161,7	
1153	-160,3	
1154	-162,4	
1155	-162,7	
1156	-162,8	
1157	-166,2	
1158	-166,6	
1159	-164,9	
1160	-160,9	
1161	-162,8	
1162	-166,3	
1163	-167,1	
1164	-165,3	
1165	-167,2	
1166	-163,4	
1167	-170,0	
1168	-170,8	
1169	-167,6	
1170	-169,8	
1171	-169,9	
1172	-172,8	
1173	-171,0	
1174	-171,2	
1175	-170,4	
1176	-172,2	
1177	-171,1	
1178	-168,2	
1179	-172,3	
1180	-171,3	
1181	-172,5	
1182	-171,4	
1183	-172,9	
1184	-174,1	
1185	-174,7	
1186	-174,5	
1187	-178,4	
1188	-174,5	
1189	-174,6	
1190	-174,8	
1191	-176,1	
1192	-178,1	
1193	-177,5	
1194	-178,1	
1195	-179,0	
1196	-180,3	
1197	-180,6	
1198	-179,3	
1199	-180,1	
1200	-182,7	
1201	-180,5	
1202	-182,4	
1203	-185,0	
1204	-184,9	
1205	-183,2	
1206	-183,3	
1207	-183,1	
1208	-182,5	
1209	-178,5	
1210	-183,9	
1211	-182,6	
1212	-181,5	
1213	-181,3	
1214	-182,8	
1215	-184,6	
1216	-180,9	
1217	-183,0	
1218	-184,7	
1219	-184,4	
1220	-186,0	
1221	-184,4	
1222	-179,5	
1223	-187,4	
1224	-185,9	
1225	-186,5	
1226	-186,9	
1227	-188,1	
1228	-188,5	
1229	-188,8	
1230	-186,4	
1231	-190,0	
1232	-189,5	
1233	-182,9	
1234	-187,0	
1235	-188,5	
1236	-189,9	
1237	-190,9	
1238	-189,9	
1239	-191,6	
1240	-187,5	
1241	-191,9	
1242	-194,7	
1243	-190,9	
1244	-193,7	
1245	-195,1	
1246	-195,2	
1247	-192,9	
1248	-193,4	
1249	-193,2	
1250	-194,1	
1251	-195,7	
1252	-194,7	
1253	-193,1	
1254	-196,3	
1255	-193,9	
1256	-197,5	
1257	-198,7	
1258	-192,2	
1259	-194,9	
1260	-196,1	
1261	-198,3	
1262	-195,0	
1263	-198,6	
1264	-196,7	
1265	-198,4	
1266	-196,8	
1267	-194,6	
1268	-198,8	
1269	-201,4	
1270	-200,4	
1271	-198,8	
1272	-199,4	
1273	-200,3	
1274	-202,8	
1275	-201,1	
1276	-202,3	
1277	-202,7	
1278	-204,5	
1279	-205,5	
1280	-202,9	
1281	-200,3	
1282	-203,3	
1283	-204,3	
1284	-206,0	
1285	-202,5	
1286	-209,7	
1287	-208,1	
1288	-208,4	
1289	-202,0	
1290	-210,4	
1291	-207,4	
1292	-209,6	
1293	-208,8	
1294	-210,0	
1295	-211,1	
1296	-212,4	
1297	-211,4	
1298	-211,2	
1299	-212,1	
1300	-214,0	
1301	-214,0	
1302	-209,7	
1303	-215,2	
1304	-215,1	
1305	-213,5	
1306	-211,9	
1307	-215,4	
1308	-216,9	
1309	-215,1	
1310	-215,4	
1311	-218,0	
1312	-216,5	
1313	-216,6	
1314	-217,2	
1315	-216,2	
1316	-217,7	
1317	-216,7	
1318	-219,0	
1319	-217,7	
1320	-215,2	
1321	-220,8	
1322	-213,8	
1323	-218,0	
1324	-216,3	
1325	-221,2	
1326	-220,3	
1327	-220,9	
1328	-221,1	
1329	-214,5	
1330	-217,8	
1331	-223,8	
1332	-221,0	
1333	-224,3	
1334	-223,6	
1335	-223,9	
1336	-222,3	
1337	-224,2	
1338	-224,9	
1339	-225,8	
1340	-224,1	
1341	-225,0	
1342	-222,2	
1343	-224,8	
1344	-225,2	
1345	-224,6	
1346	-225,6	
1347	-226,6	
1348	-222,8	
1349	-222,7	
1350	-227,9	
1351	-225,8	
1352	-228,1	
1353	-225,9	
1354	-228,4	
1355	-229,5	
1356	-229,5	
1357	-227,2	
1358	-228,9	
1359	-229,6	
1360	-230,1	
1361	-231,4	
1362	-232,1	
1363	-231,1	
1364	-230,4	
1365	-232,1	
1366	-232,6	
1367	-231,9	
1368	-232,1	
1369	-232,5	
1370	-229,4	
1371	-227,2	
1372	-232,9	
1373	-232,1	
1374	-235,9	
1375	-235,1	
1376	-235,4	
1377	-234,8	
1378	-236,2	
1379	-232,2	
1380	-234,1	
1381	-235,3	
1382	-235,2	
1383	-235,4	
1384	-232,7	
1385	-236,3	
1386	-235,9	
1387	-232,9	
1388	-237,7	
1389	-233,1	
1390	-237,7	
1391	-236,5	
1392	-235,0	
1393	-234,8	
1394	-238,5	
1395	-240,3	
1396	-238,9	
1397	-240,2	
1398	-239,8	
1399	-238,8	
1400	-237,0	
1401	-231,3	
1402	-234,9	
1403	-238,1	
1404	-239,0	
1405	-236,4	
1406	-238,9	
1407	-241,6	
1408	-241,4	
1409	-242,8	
1410	-239,6	
1411	-241,7	
1412	-243,0	
1413	-244,0	
1414	-245,2	
1415	-246,8	
1416	-245,7	
1417	-245,3	
1418	-242,7	
1419	-246,0	
1420	-247,1	
1421	-248,2	
1422	-248,5	
1423	-249,2	
1424	-250,6	
1425	-249,7	
1426	-249,9	
1427	-249,9	
1428	-240,8	
1429	-250,1	
1430	-246,6	
1431	-251,2	
1432	-247,8	
1433	-251,0	
1434	-252,9	
1435	-251,2	
1436	-252,0	
1437	-253,3	
1438	-248,4	
1439	-253,4	
1440	-252,8	
1441	-252,1	
1442	-253,8	
1443	-255,5	
1444	-254,3	
1445	-253,7	
1446	-254,3	
1447	-254,0	
1448	-255,1	
1449	-253,5	
1450	-253,8	
1451	-255,5	
1452	-256,8	
1453	-256,1	
1454	-256,7	
1455	-255,7	
1456	-254,8	
1457	-256,5	
1458	-253,6	
1459	-257,2	
1460	-254,0	
1461	-250,8	
1462	-252,4	
1463	-257,8	
1464	-258,7	
1465	-254,2	
1466	-257,1	
1467	-256,8	
1468	-254,6	
1469	-255,0	
1470	-258,7	
1471	-259,5	
1472	-259,2	
1473	-255,7	
1474	-259,4	
1475	-261,2	
1476	-261,9	
1477	-260,0	
1478	-255,2	
1479	-261,6	
1480	-262,0	
1481	-257,7	
1482	-262,6	
1483	-261,2	
1484	-262,0	
1485	-259,4	
1486	-259,0	
1487	-254,7	
1488	-258,9	
1489	-262,0	
1490	-259,7	
1491	-262,3	
1492	-261,4	
1493	-263,7	
1494	-264,0	
1495	-263,5	
1496	-262,0	
1497	-264,3	
1498	-261,0	
1499	-264,8	
1500	-263,0	
1501	-261,9	
1502	-260,0	
1503	-266,2	
1504	-264,1	
1505	-264,6	
1506	-265,3	
1507	-266,8	
1508	-266,3	
1509	-261,8	
1510	-267,4	
1511	-267,3	
1512	-267,2	
1513	-268,3	
1514	-266,0	
1515	-268,6	
1516	-268,6	
1517	-266,3	
1518	-268,9	
1519	-262,5	
1520	-269,7	
1521	-266,4	
1522	-268,7	
1523	-268,4	
1524	-267,7	
1525	-270,0	
1526	-267,3	
1527	-269,5	
1528	-270,7	
1529	-272,0	
1530	-267,2	
1531	-272,6	
1532	-261,1	
1533	-271,4	
1534	-273,4	
1535	-276,0	
1536	-272,7	
1537	-271,6	
1538	-266,9	
1539	-275,0	
1540	-273,7	
1541	-273,8	
1542	-272,3	
1543	-269,6	
1544	-276,1	
1545	-274,8	
1546	-272,9	
1547	-276,4	
1548	-274,8	
1549	-277,8	
1550	-275,0	
1551	-277,8	
1552	-276,6	
1553	-278,1	
1554	-276,9	
1555	-279,0	
1556	-278,4	
1557	-276,5	
1558	-277,1	
1559	-276,8	
1560	-278,6	
1561	-278,3	
1562	-263,5	
1563	-279,0	
1564	-278,4	
1565	-277,8	
1566	-278,8	
1567	-280,0	
1568	-278,2	
1569	-272,7	
1570	-275,4	
1571	-279,4	
1572	-280,1	
1573	-279,8	
1574	-280,5	
1575	-280,4	
1576	-279,7	
1577	-279,3	
1578	-280,3	
1579	-281,5	
1580	-281,2	
1581	-281,2	
1582	-281,1	
1583	-280,3	
1584	-278,1	
1585	-278,7	
1586	-280,1	
1587	-283,6	
1588	-280,7	
1589	-283,7	
1590	-283,0	
1591	-278,3	
1592	-283,3	
1593	-284,8	
1594	-286,2	
1595	-286,9	
1596	-284,9	
1597	-286,2	
1598	-286,8	
1599	-286,6	
1600	-286,5	
1601	-285,7	
1602	-285,6	
1603	-287,4	
1604	-284,2	
1605	-283,9	
1606	-284,5	
1607	-280,5	
1608	-285,5	
1609	-285,6	
1610	-284,5	
1611	-285,3	
1612	-283,0	
1613	-278,5	
1614	-283,2	
1615	-285,4	
1616	-286,0	
1617	-279,7	
1618	-284,0	
1619	-281,7	
1620	-286,2	
1621	-283,6	
1622	-285,6	
1623	-284,1	
1624	-286,0	
1625	-283,5	
1626	-284,0	
1627	-285,2	
1628	-280,7	
1629	-286,7	
1630	-288,0	
1631	-287,1	
1632	-286,0	
1633	-283,1	
1634	-287,0	
1635	-286,6	
1636	-288,1	
1637	-287,5	
1638	-288,4	
1639	-286,1	
1640	-282,7	
1641	-287,2	
1642	-282,9	
1643	-287,8	
1644	-288,3	
1645	-288,7	
1646	-289,5	
1647	-288,0	
1648	-288,9	
1649	-289,6	
1650	-289,4	
1651	-289,0	
1652	-290,7	
1653	-289,8	
1654	-289,4	
1655	-290,3	
1656	-287,7	
1657	-290,9	
1658	-289,6	
1659	-289,3	
1660	-286,4	
1661	-288,9	
1662	-289,5	
1663	-289,5	
1664	-289,5	
1665	-290,0	
1666	-286,5	
1667	-291,0	
1668	-292,4	
1669	-289,6	
1670	-292,3	
1671	-287,7	
1672	-288,1	
1673	-293,3	
1674	-294,8	
1675	-291,6	
1676	-293,2	
1677	-295,1	
1678	-280,1	
1679	-293,5	
1680	-291,1	
1681	-291,3	
1682	-286,5	
1683	-292,4	
1684	-291,5	
1685	-293,6	
1686	-290,3	
1687	-292,4	
1688	-290,9	
1689	-292,7	
1690	-285,7	
1691	-293,9	
1692	-292,0	
1693	-290,4	
1694	-294,4	
1695	-292,2	
1696	-294,8	
1697	-295,3	
1698	-294,9	
1699	-287,6	
1700	-293,1	
1701	-294,2	
1702	-294,3	
1703	-291,3	
1704	-291,9	
1705	-291,6	
1706	-294,2	
1707	-293,7	
1708	-293,3	
1709	-291,4	
1710	-291,4	
1711	-296,1	
1712	-293,2	
1713	-293,0	
1714	-288,4	
1715	-287,5	
1716	-293,8	
1717	-294,4	
1718	-294,9	
1719	-292,2	
1720	-293,1	
1721	-291,1	
1722	-290,4	
1723	-294,6	
1724	-290,0	
1725	-291,4	
1726	-293,9	
1727	-292,7	
1728	-292,6	
1729	-277,6	
1730	-293,8	
1731	-293,1	
1732	-294,3	
1733	-291,9	
1734	-289,3	
1735	-290,0	
1736	-292,4	
1737	-294,0	
1738	-288,9	
1739	-294,6	
1740	-293,8	
1741	-293,1	
1742	-292,0	
1743	-290,6	
1744	-292,2	
1745	-290,1	
1746	-293,5	
1747	-291,3	
1748	-294,4	
1749	-291,7	
1750	-294,1	
1751	-292,1	
1752	-290,2	
1753	-293,0	
1754	-289,8	
1755	-294,1	
1756	-292,8	
1757	-292,9	
1758	-283,8	
1759	-291,9	
1760	-284,3	
1761	-290,3	
1762	-291,8	
1763	-290,1	
1764	-281,9	
1765	-286,1	
1766	-292,2	
1767	-291,6	
1768	-291,8	
1769	-292,8	
1770	-292,0	
1771	-291,9	
1772	-293,0	
1773	-292,6	
1774	-284,1	
1775	-291,2	
1776	-291,5	
1777	-290,6	
1778	-290,2	
1779	-293,0	
1780	-289,5	
1781	-292,4	
1782	-292,4	
1783	-293,3	
1784	-291,1	
1785	-292,2	
1786	-291,5	
1787	-293,9	
1788	-289,2	
1789	-294,3	
1790	-294,2	
1791	-293,9	
1792	-287,4	
1793	-293,7	
1794	-293,5	
1795	-290,9	
1796	-293,0	
1797	-292,8	
1798	-293,6	
1799	-292,1	
1800	-287,6	
1801	-290,5	
1802	-291,0	
1803	-292,8	
1804	-292,0	
1805	-289,9	
1806	-291,4	
1807	-291,9	
1808	-291,7	
1809	-293,1	
1810	-290,0	
1811	-290,8	
1812	-292,7	
1813	-291,0	
1814	-290,6	
1815	-291,7	
1816	-291,6	
1817	-287,6	
1818	-289,6	
1819	-288,5	
1820	-288,9	
1821	-290,8	
1822	-288,0	
1823	-291,0	
1824	-292,2	
1825	-288,7	
1826	-280,4	
1827	-287,2	
1828	-286,7	
1829	-287,1	
1830	-285,9	
1831	-287,3	
1832	-284,9	
1833	-290,1	
1834	-286,2	
1835	-285,0	
1836	-281,4	
1837	-286,0	
1838	-287,1	
1839	-288,7	
1840	-287,0	
1841	-285,1	
1842	-284,6	
1843	-280,1	
1844	-282,8	
1845	-284,4	
1846	-284,9	
1847	-285,4	
1848	-283,2	
1849	-281,2	
1850	-281,8	
1851	-284,2	
1852	-282,1	
1853	-281,4	
1854	-283,8	
1855	-283,8	
1856	-284,7	
1857	-279,9	
1858	-280,3	
1859	-284,8	
1860	-284,0	
1861	-284,5	
1862	-281,9	
1863	-282,7	
1864	-280,7	
1865	-271,8	
1866	-281,7	
1867	-283,9	
1868	-281,7	
1869	-276,9	
1870	-281,6	
1871	-280,7	
1872	-281,9	
1873	-280,6	
1874	-273,7	
1875	-275,4	
1876	-277,1	
1877	-281,6	
1878	-279,7	
1879	-279,1	
1880	-277,1	
1881	-282,2	
1882	-281,8	
1883	-281,7	
1884	-278,0	
1885	-281,6	
1886	-280,8	
1887	-278,5	
1888	-278,1	
1889	-276,0	
1890	-276,4	
1891	-278,1	
1892	-275,7	
1893	-277,5	
1894	-277,9	
1895	-272,0	
1896	-278,8	
1897	-275,9	
1898	-278,0	
1899	-275,5	
1900	-277,1	
1901	-277,0	
1902	-273,4	
1903	-276,3	
1904	-274,8	
1905	-274,7	
1906	-273,5	
1907	-275,9	
1908	-269,3	
1909	-275,0	
1910	-272,7	
1911	-273,1	
1912	-274,6	
1913	-275,0	
1914	-274,8	
1915	-272,8	
1916	-271,6	
1917	-272,1	
1918	-274,3	
1919	-263,9	
1920	-269,7	
1921	-273,4	
1922	-272,2	
1923	-265,6	
1924	-270,0	
1925	-272,2	
1926	-271,3	
1927	-262,8	
1928	-268,1	
1929	-271,2	
1930	-271,2	
1931	-252,2	
1932	-271,4	
1933	-271,2	
1934	-272,0	
1935	-270,6	
1936	-269,8	
1937	-266,2	
1938	-268,9	
1939	-267,7	
1940	-269,5	
1941	-268,3	
1942	-266,9	
1943	-258,2	
1944	-267,3	
1945	-257,2	
1946	-265,9	
1947	-260,2	
1948	-266,5	
1949	-265,5	
1950	-264,5	
1951	-262,9	
1952	-262,4	
1953	-263,8	
1954	-264,8	
1955	-263,1	
1956	-264,1	
1957	-259,4	
1958	-254,1	
1959	-251,8	
1960	-258,1	
1961	-262,4	
1962	-261,3	
1963	-258,2	
1964	-260,7	
1965	-255,5	
1966	-255,1	
1967	-258,4	
1968	-260,4	
1969	-255,8	
1970	-256,9	
1971	-254,3	
1972	-259,1	
1973	-258,1	
1974	-256,0	
1975	-255,7	
1976	-255,6	
1977	-251,6	
1978	-255,2	
1979	-251,0	
1980	-257,4	
1981	-251,8	
1982	-252,4	
1983	-248,6	
1984	-254,7	
1985	-255,2	
1986	-251,5	
1987	-254,3	
1988	-251,5	
1989	-253,6	
1990	-252,9	
1991	-252,2	
1992	-253,1	
1993	-254,1	
1994	-253,1	
1995	-253,4	
1996	-252,2	
1997	-250,2	
1998	-248,5	
1999	-252,8	
2000	-249,4	
2001	-247,2	
2002	-249,0	
2003	-247,2	
2004	-250,5	
2005	-247,9	
2006	-249,3	
2007	-249,1	
2008	-248,1	
2009	-249,5	
2010	-248,7	
2011	-248,2	
2012	-248,0	
2013	-246,4	
2014	-245,5	
2015	-241,2	
2016	-245,7	
2017	-236,2	
2018	-245,0	
2019	-244,3	
2020	-246,7	
2021	-241,8	
2022	-245,6	
2023	-244,8	
2024	-244,6	
2025	-241,9	
2026	-243,1	
2027	-237,8	
2028	-243,8	
2029	-239,4	
2030	-241,6	
2031	-241,7	
2032	-243,4	
2033	-237,0	
2034	-238,6	
2035	-239,5	
2036	-243,5	
2037	-240,9	
2038	-240,8	
2039	-236,6	
2040	-240,0	
2041	-241,6	
2042	-225,7	
2043	-241,5	
2044	-237,5	
2045	-238,6	
2046	-238,9	
2047	-237,3	
2048	-237,1	
2049	-234,7	
2050	-233,4	
2051	-234,8	
2052	-237,1	
2053	-235,0	
2054	-231,4	
2055	-234,6	
2056	-232,7	
2057	-233,6	
2058	-230,1	
2059	-232,7	
2060	-231,1	
2061	-232,6	
2062	-232,7	
2063	-229,8	
2064	-231,9	
2065	-229,3	
2066	-231,8	
2067	-227,2	
2068	-226,0	
2069	-230,7	
2070	-229,1	
2071	-230,2	
2072	-225,7	
2073	-228,2	
2074	-228,1	
2075	-229,1	
2076	-226,3	
2077	-224,0	
2078	-225,4	
2079	-218,5	
2080	-224,4	
2081	-216,1	
2082	-218,4	
2083	-222,9	
2084	-220,2	
2085	-220,4	
2086	-223,8	
2087	-215,2	
2088	-221,7	
2089	-222,9	
2090	-220,2	
2091	-221,5	
2092	-216,1	
2093	-217,4	
2094	-218,8	
2095	-218,2	
2096	-218,0	
2097	-215,8	
2098	-219,3	
2099	-217,4	
2100	-217,1	
2101	-218,5	
2102	-216,1	
2103	-216,2	
2104	-217,4	
2105	-212,6	
2106	-209,5	
2107	-216,5	
2108	-214,1	
2109	-214,6	
2110	-214,3	
2111	-213,1	
2112	-211,1	
2113	-212,4	
2114	-211,0	
2115	-210,8	
2116	-209,9	
2117	-211,4	
2118	-209,1	
2119	-206,8	
2120	-209,1	
2121	-205,6	
2122	-208,6	
2123	-209,9	
2124	-208,4	
2125	-206,6	
2126	-209,4	
2127	-207,3	
2128	-205,2	
2129	-203,9	
2130	-204,3	
2131	-203,3	
2132	-201,0	
2133	-201,1	
2134	-204,9	
2135	-203,9	
2136	-203,1	
2137	-203,2	
2138	-202,8	
2139	-201,1	
2140	-201,8	
2141	-200,2	
2142	-198,4	
2143	-199,3	
2144	-196,1	
2145	-198,7	
2146	-198,4	
2147	-198,2	
2148	-198,3	
2149	-197,6	
2150	-197,3	
2151	-195,5	
2152	-198,0	
2153	-196,4	
2154	-194,3	
2155	-196,8	
2156	-196,9	
2157	-194,4	
2158	-192,5	
2159	-194,1	
2160	-192,4	
2161	-194,9	
2162	-193,4	
2163	-194,5	
2164	-193,1	
2165	-185,7	
2166	-190,3	
2167	-187,2	
2168	-193,1	
2169	-189,5	
2170	-186,7	
2171	-189,9	
2172	-191,1	
2173	-186,0	
2174	-182,9	
2175	-190,3	
2176	-187,8	
2177	-188,6	
2178	-187,8	
2179	-186,1	
2180	-186,5	
2181	-184,3	
2182	-181,1	
2183	-185,8	
2184	-184,4	
2185	-179,3	
2186	-181,8	
2187	-182,6	
2188	-179,5	
2189	-182,5	
2190	-180,5	
2191	-181,4	
2192	-176,2	
2193	-179,4	
2194	-179,1	
2195	-178,9	
2196	-176,6	
2197	-177,4	
2198	-174,2	
2199	-175,4	
2200	-176,6	
2201	-177,3	
2202	-175,3	
2203	-175,2	
2204	-160,8	
2205	-174,8	
2206	-171,4	
2207	-175,3	
2208	-170,1	
2209	-171,0	
2210	-169,5	
2211	-171,9	
2212	-169,4	
2213	-172,6	
2214	-171,1	
2215	-168,8	
2216	-167,4	
2217	-167,6	
2218	-170,0	
2219	-167,3	
2220	-168,3	
2221	-160,2	
2222	-165,9	
2223	-166,6	
2224	-164,3	
2225	-165,5	
2226	-164,5	
2227	-163,4	
2228	-163,9	
2229	-161,9	
2230	-163,5	
2231	-159,0	
2232	-160,6	
2233	-159,3	
2234	-160,9	
2235	-160,7	
2236	-160,6	
2237	-159,0	
2238	-160,0	
2239	-157,3	
2240	-159,0	
2241	-157,4	
2242	-156,6	
2243	-158,1	
2244	-154,2	
2245	-155,5	
2246	-157,1	
2247	-155,9	
2248	-153,4	
2249	-152,2	
2250	-152,9	
2251	-152,6	
2252	-145,7	
2253	-152,7	
2254	-150,2	
2255	-152,9	
2256	-145,6	
2257	-147,4	
2258	-150,6	
2259	-149,3	
2260	-146,6	
2261	-148,1	
2262	-147,0	
2263	-142,4	
2264	-148,0	
2265	-129,6	
2266	-144,9	
2267	-145,0	
2268	-143,3	
2269	-141,5	
2270	-143,6	
2271	-145,4	
2272	-140,4	
2273	-144,8	
2274	-141,6	
2275	-141,9	
2276	-142,3	
2277	-143,8	
2278	-144,3	
2279	-139,9	
2280	-143,4	
2281	-143,4	
2282	-140,6	
2283	-139,8	
2284	-135,0	
2285	-140,9	
2286	-139,9	
2287	-139,2	
2288	-134,8	
2289	-137,7	
2290	-138,8	
2291	-134,3	
2292	-133,6	
2293	-134,7	
2294	-137,0	
2295	-135,7	
2296	-135,8	
2297	-135,3	
2298	-136,3	
2299	-125,5	
2300	-133,5	
2301	-134,3	
2302	-131,4	
2303	-131,5	
2304	-130,2	
2305	-131,3	
2306	-126,3	
2307	-130,1	
2308	-123,2	
2309	-127,5	
2310	-128,2	
2311	-126,1	
2312	-122,1	
2313	-126,0	
2314	-115,3	
2315	-125,8	
2316	-123,9	
2317	-121,5	
2318	-119,3	
2319	-124,0	
2320	-122,5	
2321	-122,4	
2322	-116,4	
2323	-115,7	
2324	-119,3	
2325	-120,4	
2326	-120,2	
2327	-119,8	
2328	-119,1	
2329	-119,0	
2330	-117,2	
2331	-117,7	
2332	-111,1	
2333	-115,5	
2334	-114,2	
2335	-108,7	
2336	-112,3	
2337	-113,6	
2338	-113,5	
2339	-108,0	
2340	-112,2	
2341	-112,8	
2342	-109,6	
2343	-113,3	
2344	-110,1	
2345	-111,0	
2346	-109,9	
2347	-109,4	
2348	-108,7	
2349	-108,0	
2350	-106,9	
2351	-106,3	
2352	-106,0	
2353	-105,8	
2354	-105,0	
2355	-102,1	
2356	-105,0	
2357	-103,5	
2358	-104,7	
2359	-105,2	
2360	-101,8	
2361	-101,8	
2362	-100,3	
2363	-99,3	
2364	-98,2	
2365	-100,9	
2366	-99,5	
2367	-97,8	
2368	-98,5	
2369	-98,5	
2370	-97,3	
2371	-96,8	
2372	-93,9	
2373	-95,3	
2374	-88,5	
2375	-94,9	
2376	-94,4	
2377	-93,9	
2378	-92,6	
2379	-90,0	
2380	-91,1	
2381	-83,9	
2382	-91,5	
2383	-92,7	
2384	-91,4	
2385	-87,1	
2386	-91,5	
2387	-92,1	
2388	-91,4	
2389	-89,2	
2390	-87,3	
2391	-89,0	
2392	-80,5	
2393	-82,9	
2394	-88,1	
2395	-87,8	
2396	-86,1	
2397	-85,3	
2398	-80,7	
2399	-84,8	
2400	-80,3	
2401	-78,8	
2402	-78,8	
2403	-84,6	
2404	-79,6	
2405	-80,2	
2406	-75,7	
2407	-80,6	
2408	-81,7	
2409	-79,8	
2410	-81,4	
2411	-80,5	
2412	-78,3	
2413	-70,0	
2414	-74,1	
2415	-74,8	
2416	-72,3	
2417	-74,6	
2418	-72,0	
2419	-75,0	
2420	-70,5	
2421	-68,9	
2422	-73,1	
2423	-70,6	
2424	-70,9	
2425	-70,3	
2426	-73,0	
2427	-69,3	
2428	-66,0	
2429	-66,3	
2430	-70,2	
2431	-68,2	
2432	-66,1	
2433	-66,6	
2434	-59,5	
2435	-66,3	
2436	-66,1	
2437	-65,0	
2438	-62,9	
2439	-61,9	
2440	-62,5	
2441	-62,5	
2442	-60,5	
2443	-61,3	
2444	-60,4	
2445	-58,3	
2446	-59,9	
2447	-58,6	
2448	-60,9	
2449	-58,8	
2450	-57,1	
2451	-58,6	
2452	-58,1	
2453	-56,8	
2454	-57,7	
2455	-57,3	
2456	-53,4	
2457	-46,5	
2458	-54,4	
2459	-57,2	
2460	-53,5	
2461	-53,8	
2462	-52,1	
2463	-53,2	
2464	-52,0	
2465	-50,0	
2466	-53,0	
2467	-49,0	
2468	-51,5	
2469	-44,4	
2470	-40,3	
2471	-46,7	
2472	-45,1	
2473	-49,2	
2474	-46,3	
2475	-44,8	
2476	-47,0	
2477	-44,0	
2478	-47,1	
2479	-45,2	
2480	-44,4	
2481	-37,5	
2482	-40,3	
2483	-44,1	
2484	-44,1	
2485	-43,7	
2486	-41,0	
2487	-40,3	
2488	-39,2	
2489	-40,3	
2490	-42,8	
2491	-40,4	
2492	-40,6	
2493	-35,7	
2494	-39,0	
2495	-36,5	
2496	-33,3	
2497	-35,6	
2498	-33,6	
2499	-30,7	
2500	-34,2	
2501	-33,2	
2502	-33,8	
2503	-29,3	
2504	-34,9	
2505	-31,2	
2506	-29,9	
2507	-23,1	
2508	-31,7	
2509	-33,1	
2510	-32,4	
2511	-29,5	
2512	-26,4	
2513	-30,2	
2514	-30,7	
2515	-29,4	
2516	-27,4	
2517	-29,5	
2518	-25,6	
2519	-27,5	
2520	-27,7	
2521	-23,9	
2522	-24,9	
2523	-21,9	
2524	-25,6	
2525	-23,1	
2526	-20,0	
2527	-20,8	
2528	-20,8	
2529	-21,6	
2530	-20,4	
2531	-22,3	
2532	-21,7	
2533	-22,1	
2534	-20,6	
2535	-16,1	
2536	-16,5	
2537	-16,1	
2538	-13,8	
2539	-18,0	
2540	-16,9	
2541	-16,5	
2542	-17,9	
2543	-15,5	
2544	-11,8	
2545	-13,1	
2546	-13,1	
2547	-14,2	
2548	-11,8	
2549	-10,3	
2550	-9,7	
2551	-10,7	
2552	-12,0	
2553	-9,6	
2554	-9,6	
2555	-8,6	
2556	-7,6	
2557	-5,8	
2558	-8,6	
2559	-8,1	
2560	-5,9	
2561	-8,6	
2562	-8,4	
2563	-8,6	
2564	-4,1	
2565	-5,3	
2566	-6,6	
2567	-8,3	
2568	-6,3	
2569	-5,8	
2570	-5,1	
2571	-2,8	
2572	-4,7	
2573	-5,1	
2574	-4,0	
2575	-4,7	
2576	4,9	
2577	-3,6	
2578	-2,1	
2579	-1,7	
2580	-3,6	
2581	-1,8	
2582	2,3	
2583	0,1	
2584	0,6	
2585	0,0	
2586	3,8	
