[HEADER]
H01=项目编号:
H02=项目注释:
H03=用户:
H04=测量日期:	21.04.2023
H05=测量时间:	15:50:48
H06=文件名称:	C:\Users\Test-02\Desktop\421HF\10左\file_00.dat
H07=车厢号码:
H08=轮副:
H09=轨道基本间距:	0
H10=轨迹偏移:	0
H11=测量点数:	2594
H12=测量:	好
H14=轮子:	L
H13=扩展注释:
[MeasurementData]
[mm] [µm]
0	0,0	
1	1,3	
2	-2,0	
3	-2,7	
4	-3,0	
5	-1,4	
6	-1,6	
7	-0,3	
8	-0,9	
9	1,3	
10	3,6	
11	2,4	
12	0,6	
13	1,5	
14	1,1	
15	2,3	
16	0,2	
17	1,8	
18	1,4	
19	3,5	
20	10,1	
21	3,8	
22	5,2	
23	4,3	
24	7,6	
25	4,6	
26	8,2	
27	4,1	
28	7,0	
29	7,2	
30	6,3	
31	9,1	
32	7,0	
33	7,9	
34	7,9	
35	9,6	
36	9,6	
37	10,4	
38	11,0	
39	11,0	
40	14,4	
41	10,5	
42	18,7	
43	16,1	
44	11,5	
45	13,8	
46	11,5	
47	14,1	
48	15,6	
49	12,4	
50	14,0	
51	13,3	
52	13,8	
53	12,8	
54	21,1	
55	14,5	
56	16,7	
57	19,6	
58	16,1	
59	18,3	
60	19,0	
61	18,2	
62	16,0	
63	14,9	
64	16,5	
65	17,1	
66	18,3	
67	17,0	
68	17,3	
69	18,6	
70	18,9	
71	22,6	
72	20,5	
73	22,9	
74	23,9	
75	20,7	
76	22,2	
77	22,2	
78	21,8	
79	22,6	
80	22,5	
81	23,9	
82	22,4	
83	23,2	
84	29,0	
85	27,1	
86	26,0	
87	27,4	
88	25,6	
89	25,2	
90	25,6	
91	26,3	
92	27,9	
93	30,1	
94	29,6	
95	28,0	
96	30,1	
97	30,0	
98	31,7	
99	35,8	
100	29,5	
101	32,7	
102	30,1	
103	31,4	
104	30,3	
105	31,7	
106	33,9	
107	31,9	
108	32,9	
109	33,8	
110	35,0	
111	33,0	
112	33,7	
113	33,4	
114	34,0	
115	36,2	
116	34,4	
117	35,6	
118	34,5	
119	35,3	
120	36,0	
121	35,4	
122	35,5	
123	36,0	
124	37,3	
125	36,8	
126	37,2	
127	39,2	
128	40,5	
129	38,9	
130	39,4	
131	39,1	
132	39,8	
133	40,1	
134	40,2	
135	42,2	
136	42,5	
137	42,1	
138	44,2	
139	43,7	
140	44,6	
141	45,9	
142	44,6	
143	44,8	
144	45,9	
145	46,4	
146	46,7	
147	48,4	
148	51,2	
149	49,7	
150	50,1	
151	49,4	
152	51,0	
153	52,4	
154	52,8	
155	49,5	
156	52,9	
157	51,8	
158	51,6	
159	51,9	
160	51,5	
161	52,4	
162	51,7	
163	53,1	
164	53,4	
165	53,7	
166	53,9	
167	58,0	
168	56,4	
169	56,0	
170	55,3	
171	54,9	
172	55,8	
173	57,0	
174	59,2	
175	56,0	
176	58,3	
177	57,7	
178	55,6	
179	56,8	
180	56,6	
181	59,6	
182	57,5	
183	59,5	
184	58,8	
185	62,5	
186	57,8	
187	64,8	
188	61,6	
189	61,2	
190	63,3	
191	61,5	
192	63,9	
193	62,2	
194	63,8	
195	64,6	
196	65,1	
197	67,1	
198	65,1	
199	66,8	
200	65,9	
201	68,5	
202	67,5	
203	69,0	
204	68,9	
205	67,5	
206	72,4	
207	69,8	
208	73,3	
209	69,5	
210	75,9	
211	70,2	
212	71,3	
213	71,6	
214	71,0	
215	72,5	
216	73,1	
217	71,5	
218	72,5	
219	72,5	
220	72,1	
221	76,1	
222	75,9	
223	81,0	
224	74,4	
225	74,2	
226	74,7	
227	77,5	
228	76,2	
229	77,8	
230	78,0	
231	78,0	
232	77,5	
233	81,7	
234	79,3	
235	80,5	
236	80,9	
237	83,2	
238	81,5	
239	88,6	
240	82,1	
241	83,0	
242	85,2	
243	86,4	
244	84,9	
245	87,9	
246	86,2	
247	87,4	
248	88,3	
249	91,9	
250	90,0	
251	90,0	
252	90,1	
253	89,9	
254	91,6	
255	91,6	
256	92,6	
257	93,4	
258	93,4	
259	95,4	
260	94,1	
261	95,5	
262	97,4	
263	96,3	
264	99,4	
265	97,0	
266	99,3	
267	99,7	
268	100,5	
269	104,0	
270	100,0	
271	100,3	
272	103,0	
273	103,5	
274	103,0	
275	103,8	
276	102,3	
277	102,3	
278	103,5	
279	111,1	
280	104,1	
281	104,3	
282	106,4	
283	105,8	
284	108,0	
285	107,9	
286	114,1	
287	109,0	
288	112,9	
289	111,1	
290	112,0	
291	114,2	
292	112,7	
293	112,2	
294	112,0	
295	114,2	
296	113,3	
297	111,3	
298	117,0	
299	115,7	
300	114,6	
301	115,8	
302	117,8	
303	115,4	
304	118,3	
305	118,4	
306	117,9	
307	120,1	
308	119,3	
309	121,6	
310	120,7	
311	120,2	
312	120,0	
313	119,7	
314	120,4	
315	125,7	
316	123,1	
317	124,0	
318	122,1	
319	123,6	
320	122,6	
321	121,5	
322	125,3	
323	122,3	
324	127,3	
325	131,9	
326	124,6	
327	124,1	
328	127,8	
329	125,5	
330	130,3	
331	131,2	
332	128,7	
333	129,8	
334	132,8	
335	133,2	
336	133,7	
337	133,3	
338	132,7	
339	133,7	
340	137,8	
341	135,0	
342	135,1	
343	140,1	
344	139,4	
345	136,5	
346	146,2	
347	146,4	
348	142,0	
349	143,1	
350	143,1	
351	143,9	
352	144,3	
353	145,7	
354	145,3	
355	144,8	
356	142,9	
357	144,8	
358	146,0	
359	145,1	
360	145,2	
361	146,1	
362	145,8	
363	148,2	
364	147,5	
365	150,6	
366	150,2	
367	156,5	
368	149,1	
369	151,8	
370	154,9	
371	154,7	
372	154,9	
373	153,7	
374	152,9	
375	157,3	
376	152,0	
377	153,5	
378	154,7	
379	155,6	
380	153,4	
381	154,8	
382	158,6	
383	156,8	
384	158,4	
385	159,3	
386	159,5	
387	161,3	
388	160,1	
389	163,8	
390	159,5	
391	159,8	
392	160,5	
393	161,7	
394	160,9	
395	162,2	
396	163,9	
397	164,0	
398	165,2	
399	166,0	
400	170,0	
401	165,5	
402	165,0	
403	166,6	
404	166,9	
405	168,5	
406	168,7	
407	171,2	
408	170,1	
409	168,4	
410	171,3	
411	169,9	
412	169,7	
413	171,1	
414	172,1	
415	175,7	
416	171,3	
417	170,9	
418	172,4	
419	172,3	
420	174,8	
421	174,1	
422	174,8	
423	179,2	
424	175,8	
425	176,9	
426	180,8	
427	177,6	
428	180,1	
429	181,6	
430	179,4	
431	181,5	
432	184,0	
433	181,7	
434	183,4	
435	181,8	
436	182,4	
437	182,9	
438	186,5	
439	183,6	
440	186,4	
441	182,9	
442	184,2	
443	189,4	
444	185,8	
445	185,8	
446	187,2	
447	186,2	
448	185,7	
449	186,8	
450	191,0	
451	192,8	
452	189,6	
453	189,5	
454	190,1	
455	192,4	
456	192,1	
457	191,5	
458	191,9	
459	194,0	
460	192,0	
461	192,8	
462	193,5	
463	197,1	
464	195,2	
465	199,2	
466	200,2	
467	195,7	
468	195,2	
469	194,9	
470	196,0	
471	196,2	
472	198,9	
473	201,1	
474	201,4	
475	199,1	
476	200,6	
477	201,7	
478	201,2	
479	202,8	
480	202,6	
481	203,1	
482	203,0	
483	205,8	
484	204,7	
485	206,9	
486	206,9	
487	207,6	
488	212,2	
489	209,3	
490	207,9	
491	209,7	
492	210,4	
493	210,6	
494	209,8	
495	211,6	
496	212,2	
497	216,1	
498	213,6	
499	215,1	
500	214,7	
501	217,5	
502	216,5	
503	215,7	
504	215,4	
505	217,2	
506	215,9	
507	217,3	
508	218,0	
509	219,7	
510	219,2	
511	218,9	
512	219,7	
513	222,4	
514	221,8	
515	222,5	
516	222,2	
517	221,1	
518	222,4	
519	223,5	
520	223,4	
521	223,5	
522	227,3	
523	224,9	
524	223,6	
525	224,7	
526	226,3	
527	227,0	
528	227,7	
529	228,3	
530	226,1	
531	226,3	
532	229,0	
533	227,4	
534	228,6	
535	227,9	
536	230,4	
537	230,9	
538	230,4	
539	231,9	
540	234,7	
541	233,0	
542	233,3	
543	235,3	
544	235,7	
545	235,7	
546	236,5	
547	235,8	
548	236,0	
549	237,5	
550	238,4	
551	247,9	
552	240,6	
553	239,5	
554	241,4	
555	241,7	
556	241,8	
557	242,2	
558	241,6	
559	241,5	
560	242,9	
561	244,7	
562	244,0	
563	244,2	
564	243,7	
565	247,3	
566	245,6	
567	246,1	
568	245,7	
569	245,4	
570	246,5	
571	246,6	
572	247,7	
573	247,9	
574	247,7	
575	248,4	
576	249,5	
577	249,1	
578	249,1	
579	250,3	
580	250,2	
581	250,0	
582	250,2	
583	251,8	
584	251,7	
585	251,0	
586	251,3	
587	251,2	
588	252,9	
589	253,4	
590	252,6	
591	255,3	
592	254,8	
593	253,9	
594	255,1	
595	255,6	
596	255,4	
597	256,5	
598	258,3	
599	259,0	
600	258,5	
601	260,0	
602	260,8	
603	260,3	
604	261,5	
605	261,9	
606	262,0	
607	262,6	
608	262,8	
609	263,3	
610	264,2	
611	265,5	
612	265,5	
613	266,4	
614	267,1	
615	267,3	
616	268,4	
617	267,5	
618	270,0	
619	269,0	
620	270,1	
621	269,3	
622	273,0	
623	272,2	
624	273,5	
625	272,4	
626	272,6	
627	273,3	
628	273,8	
629	273,6	
630	274,2	
631	276,0	
632	276,4	
633	276,7	
634	275,5	
635	276,1	
636	277,1	
637	280,3	
638	280,2	
639	279,8	
640	276,6	
641	277,7	
642	278,1	
643	280,6	
644	279,6	
645	279,5	
646	278,3	
647	279,8	
648	280,5	
649	280,7	
650	280,1	
651	280,8	
652	281,2	
653	284,5	
654	282,5	
655	284,6	
656	284,2	
657	284,6	
658	285,3	
659	286,9	
660	286,2	
661	287,6	
662	291,0	
663	288,6	
664	288,3	
665	288,7	
666	288,9	
667	289,3	
668	290,8	
669	291,8	
670	294,1	
671	290,3	
672	292,2	
673	291,9	
674	292,8	
675	292,8	
676	294,0	
677	294,4	
678	294,1	
679	295,3	
680	294,8	
681	296,3	
682	297,2	
683	295,1	
684	297,3	
685	297,1	
686	296,5	
687	296,9	
688	297,4	
689	297,1	
690	298,9	
691	298,3	
692	299,2	
693	300,6	
694	298,3	
695	299,3	
696	303,6	
697	298,6	
698	300,1	
699	301,5	
700	299,7	
701	300,5	
702	299,3	
703	300,0	
704	302,6	
705	304,4	
706	302,0	
707	301,8	
708	303,3	
709	305,2	
710	306,0	
711	304,9	
712	304,6	
713	303,9	
714	304,9	
715	305,1	
716	304,5	
717	305,9	
718	307,0	
719	306,1	
720	306,8	
721	307,1	
722	305,7	
723	306,6	
724	307,1	
725	306,5	
726	307,4	
727	308,4	
728	307,9	
729	308,3	
730	308,5	
731	310,5	
732	310,3	
733	310,6	
734	310,7	
735	313,2	
736	312,8	
737	313,4	
738	311,4	
739	317,9	
740	314,8	
741	312,5	
742	316,2	
743	314,0	
744	313,3	
745	313,3	
746	315,3	
747	314,2	
748	316,3	
749	315,1	
750	314,5	
751	316,6	
752	317,1	
753	314,5	
754	315,7	
755	315,4	
756	314,8	
757	315,3	
758	316,4	
759	318,8	
760	316,8	
761	316,5	
762	318,9	
763	317,1	
764	318,8	
765	320,7	
766	321,1	
767	319,3	
768	320,1	
769	321,0	
770	324,2	
771	321,0	
772	321,1	
773	324,0	
774	323,0	
775	323,2	
776	323,1	
777	324,6	
778	326,3	
779	323,9	
780	325,2	
781	324,8	
782	328,0	
783	325,4	
784	328,7	
785	327,5	
786	326,6	
787	327,7	
788	326,9	
789	329,6	
790	326,8	
791	330,8	
792	327,2	
793	330,3	
794	328,9	
795	329,1	
796	329,2	
797	330,1	
798	329,9	
799	329,4	
800	332,7	
801	330,6	
802	329,9	
803	330,6	
804	332,1	
805	330,5	
806	331,5	
807	332,4	
808	332,7	
809	330,2	
810	333,3	
811	330,4	
812	329,9	
813	332,9	
814	330,6	
815	332,1	
816	331,6	
817	335,1	
818	333,6	
819	331,0	
820	330,9	
821	334,1	
822	332,6	
823	333,2	
824	333,6	
825	335,9	
826	333,3	
827	339,8	
828	333,4	
829	334,6	
830	334,4	
831	335,0	
832	336,6	
833	338,5	
834	337,4	
835	339,1	
836	337,4	
837	336,5	
838	338,6	
839	338,2	
840	337,9	
841	338,6	
842	340,5	
843	342,4	
844	338,6	
845	341,0	
846	340,3	
847	339,4	
848	342,0	
849	342,7	
850	339,6	
851	341,9	
852	340,4	
853	341,3	
854	342,7	
855	345,1	
856	341,6	
857	346,2	
858	340,7	
859	342,1	
860	341,0	
861	342,3	
862	341,7	
863	342,9	
864	345,9	
865	344,3	
866	343,1	
867	342,5	
868	344,8	
869	344,9	
870	340,7	
871	342,8	
872	341,2	
873	341,4	
874	342,8	
875	342,0	
876	341,4	
877	341,7	
878	345,6	
879	350,0	
880	342,0	
881	342,0	
882	339,9	
883	341,4	
884	344,4	
885	345,0	
886	343,7	
887	343,5	
888	342,9	
889	343,4	
890	342,8	
891	347,0	
892	344,6	
893	347,9	
894	344,0	
895	346,5	
896	347,2	
897	347,8	
898	348,5	
899	345,8	
900	344,5	
901	346,8	
902	345,2	
903	346,4	
904	347,8	
905	352,6	
906	344,9	
907	349,3	
908	347,8	
909	347,4	
910	349,5	
911	345,8	
912	348,3	
913	347,2	
914	344,1	
915	351,1	
916	347,0	
917	346,3	
918	344,6	
919	345,3	
920	345,1	
921	344,5	
922	346,2	
923	347,5	
924	345,7	
925	344,3	
926	343,8	
927	345,4	
928	346,8	
929	349,6	
930	344,3	
931	345,9	
932	346,2	
933	344,9	
934	344,8	
935	346,9	
936	344,0	
937	349,9	
938	344,6	
939	346,3	
940	346,6	
941	345,6	
942	344,9	
943	347,8	
944	344,8	
945	345,8	
946	347,6	
947	348,4	
948	345,6	
949	348,1	
950	355,8	
951	344,2	
952	345,3	
953	346,3	
954	347,4	
955	344,8	
956	346,7	
957	347,6	
958	348,9	
959	346,0	
960	351,5	
961	346,2	
962	347,8	
963	347,8	
964	345,2	
965	346,9	
966	348,5	
967	346,7	
968	348,0	
969	349,1	
970	349,2	
971	346,5	
972	350,2	
973	346,3	
974	349,6	
975	347,0	
976	347,4	
977	346,8	
978	348,4	
979	347,7	
980	346,0	
981	349,2	
982	345,5	
983	347,1	
984	344,7	
985	345,4	
986	345,0	
987	345,8	
988	345,1	
989	347,1	
990	344,1	
991	346,2	
992	345,3	
993	344,2	
994	347,6	
995	346,6	
996	346,3	
997	346,1	
998	345,5	
999	347,8	
1000	346,7	
1001	348,1	
1002	344,4	
1003	346,1	
1004	345,8	
1005	345,7	
1006	345,2	
1007	347,4	
1008	346,5	
1009	346,9	
1010	347,8	
1011	347,7	
1012	345,6	
1013	348,3	
1014	347,4	
1015	347,6	
1016	346,6	
1017	346,6	
1018	350,7	
1019	347,8	
1020	346,9	
1021	346,3	
1022	346,0	
1023	347,0	
1024	346,3	
1025	347,0	
1026	347,2	
1027	346,4	
1028	347,6	
1029	345,4	
1030	346,5	
1031	345,8	
1032	345,7	
1033	345,2	
1034	347,2	
1035	346,4	
1036	345,0	
1037	345,5	
1038	348,1	
1039	345,0	
1040	350,2	
1041	345,0	
1042	348,9	
1043	344,5	
1044	344,9	
1045	347,0	
1046	344,7	
1047	343,3	
1048	342,9	
1049	347,1	
1050	345,3	
1051	345,7	
1052	347,8	
1053	346,3	
1054	347,4	
1055	345,1	
1056	344,6	
1057	344,8	
1058	347,3	
1059	344,3	
1060	343,4	
1061	345,7	
1062	347,6	
1063	347,2	
1064	342,7	
1065	345,3	
1066	347,2	
1067	347,5	
1068	347,6	
1069	349,3	
1070	345,5	
1071	343,6	
1072	343,6	
1073	346,5	
1074	342,2	
1075	342,7	
1076	342,5	
1077	346,9	
1078	341,4	
1079	341,2	
1080	340,7	
1081	342,5	
1082	342,3	
1083	344,8	
1084	340,8	
1085	339,7	
1086	337,9	
1087	339,9	
1088	342,5	
1089	338,5	
1090	342,5	
1091	338,9	
1092	338,7	
1093	338,6	
1094	339,1	
1095	338,6	
1096	337,0	
1097	338,8	
1098	347,3	
1099	338,7	
1100	337,2	
1101	340,7	
1102	335,6	
1103	337,7	
1104	335,8	
1105	338,9	
1106	344,4	
1107	339,9	
1108	337,2	
1109	341,6	
1110	339,6	
1111	340,9	
1112	337,2	
1113	340,3	
1114	338,8	
1115	337,7	
1116	338,8	
1117	340,5	
1118	336,9	
1119	339,8	
1120	339,9	
1121	344,4	
1122	338,6	
1123	339,5	
1124	341,0	
1125	338,0	
1126	335,7	
1127	338,7	
1128	336,5	
1129	337,4	
1130	334,6	
1131	335,0	
1132	335,3	
1133	335,4	
1134	337,6	
1135	338,0	
1136	334,1	
1137	334,3	
1138	333,4	
1139	336,4	
1140	337,7	
1141	333,0	
1142	334,0	
1143	335,2	
1144	332,4	
1145	334,3	
1146	331,7	
1147	331,2	
1148	334,3	
1149	332,2	
1150	333,9	
1151	339,8	
1152	332,1	
1153	333,4	
1154	334,8	
1155	330,2	
1156	331,4	
1157	330,3	
1158	329,9	
1159	329,8	
1160	330,1	
1161	328,1	
1162	330,6	
1163	329,4	
1164	332,3	
1165	329,2	
1166	332,5	
1167	329,6	
1168	332,2	
1169	328,7	
1170	328,2	
1171	329,3	
1172	328,9	
1173	334,9	
1174	329,0	
1175	329,1	
1176	333,9	
1177	331,6	
1178	328,6	
1179	328,5	
1180	329,0	
1181	334,8	
1182	327,5	
1183	325,8	
1184	328,5	
1185	326,9	
1186	327,2	
1187	326,6	
1188	327,3	
1189	325,3	
1190	323,5	
1191	325,5	
1192	322,6	
1193	324,9	
1194	322,5	
1195	323,3	
1196	328,9	
1197	326,5	
1198	323,3	
1199	326,0	
1200	323,9	
1201	323,2	
1202	321,3	
1203	326,2	
1204	323,7	
1205	321,2	
1206	321,4	
1207	326,6	
1208	326,5	
1209	320,9	
1210	322,0	
1211	323,1	
1212	319,3	
1213	317,6	
1214	318,6	
1215	316,4	
1216	317,3	
1217	316,5	
1218	315,7	
1219	315,4	
1220	317,9	
1221	314,2	
1222	318,4	
1223	315,4	
1224	314,9	
1225	317,4	
1226	315,6	
1227	315,9	
1228	317,6	
1229	316,6	
1230	318,1	
1231	320,0	
1232	314,6	
1233	318,0	
1234	313,9	
1235	315,2	
1236	315,5	
1237	313,9	
1238	316,3	
1239	315,7	
1240	314,8	
1241	312,6	
1242	315,6	
1243	311,7	
1244	313,5	
1245	310,5	
1246	313,9	
1247	311,1	
1248	310,9	
1249	310,4	
1250	310,8	
1251	311,5	
1252	311,2	
1253	311,2	
1254	312,1	
1255	313,6	
1256	311,5	
1257	310,9	
1258	309,2	
1259	309,7	
1260	312,2	
1261	308,8	
1262	309,4	
1263	314,5	
1264	312,7	
1265	308,8	
1266	308,9	
1267	311,2	
1268	305,8	
1269	307,2	
1270	311,8	
1271	308,3	
1272	309,9	
1273	309,0	
1274	307,3	
1275	307,0	
1276	306,5	
1277	305,9	
1278	306,1	
1279	305,9	
1280	306,5	
1281	306,5	
1282	306,3	
1283	306,6	
1284	304,9	
1285	307,5	
1286	305,0	
1287	304,1	
1288	307,6	
1289	303,7	
1290	303,6	
1291	305,0	
1292	304,2	
1293	302,1	
1294	303,4	
1295	306,2	
1296	302,4	
1297	303,4	
1298	304,2	
1299	301,7	
1300	299,5	
1301	302,3	
1302	299,9	
1303	298,9	
1304	300,2	
1305	297,7	
1306	297,5	
1307	297,8	
1308	307,0	
1309	296,0	
1310	298,8	
1311	298,0	
1312	296,8	
1313	294,7	
1314	295,0	
1315	300,6	
1316	295,2	
1317	296,3	
1318	297,6	
1319	293,3	
1320	294,5	
1321	294,8	
1322	296,7	
1323	292,5	
1324	292,4	
1325	293,7	
1326	290,9	
1327	289,6	
1328	290,5	
1329	289,8	
1330	292,9	
1331	291,2	
1332	292,1	
1333	290,8	
1334	292,0	
1335	292,9	
1336	294,1	
1337	289,0	
1338	290,0	
1339	288,3	
1340	288,2	
1341	288,9	
1342	289,5	
1343	289,5	
1344	290,1	
1345	290,8	
1346	289,5	
1347	289,0	
1348	287,6	
1349	288,4	
1350	288,1	
1351	289,0	
1352	288,6	
1353	289,9	
1354	289,3	
1355	287,7	
1356	286,6	
1357	288,9	
1358	285,4	
1359	285,1	
1360	285,5	
1361	286,6	
1362	284,2	
1363	283,3	
1364	284,3	
1365	283,6	
1366	284,0	
1367	282,3	
1368	284,2	
1369	283,3	
1370	282,7	
1371	283,4	
1372	283,2	
1373	284,2	
1374	283,0	
1375	284,1	
1376	279,5	
1377	279,7	
1378	281,7	
1379	279,8	
1380	281,4	
1381	281,0	
1382	281,5	
1383	277,8	
1384	277,2	
1385	278,7	
1386	275,7	
1387	276,3	
1388	274,7	
1389	274,0	
1390	276,9	
1391	274,6	
1392	273,2	
1393	274,1	
1394	272,0	
1395	273,8	
1396	272,5	
1397	275,2	
1398	272,9	
1399	276,5	
1400	271,0	
1401	274,4	
1402	271,9	
1403	271,2	
1404	271,6	
1405	272,6	
1406	275,9	
1407	270,9	
1408	269,7	
1409	270,1	
1410	270,7	
1411	269,2	
1412	268,5	
1413	269,3	
1414	268,1	
1415	268,7	
1416	266,7	
1417	267,4	
1418	265,6	
1419	265,8	
1420	265,8	
1421	265,0	
1422	264,0	
1423	266,1	
1424	265,6	
1425	264,9	
1426	262,4	
1427	263,6	
1428	262,5	
1429	264,0	
1430	263,1	
1431	262,2	
1432	261,1	
1433	261,2	
1434	262,9	
1435	259,9	
1436	260,1	
1437	260,5	
1438	262,3	
1439	260,9	
1440	258,0	
1441	262,3	
1442	256,0	
1443	260,3	
1444	259,6	
1445	257,2	
1446	257,2	
1447	256,3	
1448	254,8	
1449	256,1	
1450	254,0	
1451	258,0	
1452	253,5	
1453	257,7	
1454	256,6	
1455	254,8	
1456	254,6	
1457	253,7	
1458	253,9	
1459	256,2	
1460	253,5	
1461	253,5	
1462	253,4	
1463	259,7	
1464	252,3	
1465	250,9	
1466	252,1	
1467	254,1	
1468	250,6	
1469	249,5	
1470	249,6	
1471	248,5	
1472	250,1	
1473	247,7	
1474	248,3	
1475	247,3	
1476	245,5	
1477	246,4	
1478	246,4	
1479	245,4	
1480	247,4	
1481	248,3	
1482	243,4	
1483	246,0	
1484	248,8	
1485	245,4	
1486	242,4	
1487	244,6	
1488	244,8	
1489	241,6	
1490	241,9	
1491	241,5	
1492	242,5	
1493	242,4	
1494	242,5	
1495	241,8	
1496	240,9	
1497	240,5	
1498	240,7	
1499	241,5	
1500	239,2	
1501	239,5	
1502	240,3	
1503	240,3	
1504	238,2	
1505	239,6	
1506	237,9	
1507	242,9	
1508	239,3	
1509	238,8	
1510	238,9	
1511	237,4	
1512	240,0	
1513	237,0	
1514	237,9	
1515	236,7	
1516	236,6	
1517	239,5	
1518	236,7	
1519	236,7	
1520	235,6	
1521	234,5	
1522	236,2	
1523	232,6	
1524	232,1	
1525	236,9	
1526	232,8	
1527	230,4	
1528	237,2	
1529	230,0	
1530	231,7	
1531	230,3	
1532	229,6	
1533	228,0	
1534	228,0	
1535	226,7	
1536	227,6	
1537	228,2	
1538	225,0	
1539	226,4	
1540	226,5	
1541	224,7	
1542	225,3	
1543	226,2	
1544	225,3	
1545	222,8	
1546	222,8	
1547	222,2	
1548	221,9	
1549	223,4	
1550	221,3	
1551	222,1	
1552	223,6	
1553	220,7	
1554	220,7	
1555	223,3	
1556	222,0	
1557	221,5	
1558	222,0	
1559	224,2	
1560	219,8	
1561	219,0	
1562	219,5	
1563	217,7	
1564	218,9	
1565	220,5	
1566	217,7	
1567	217,5	
1568	215,9	
1569	217,2	
1570	215,0	
1571	215,3	
1572	215,6	
1573	214,0	
1574	214,8	
1575	214,2	
1576	215,7	
1577	215,7	
1578	212,9	
1579	213,3	
1580	214,4	
1581	213,2	
1582	211,6	
1583	210,3	
1584	215,4	
1585	209,0	
1586	211,4	
1587	210,4	
1588	208,6	
1589	212,4	
1590	207,8	
1591	208,2	
1592	207,3	
1593	210,0	
1594	205,9	
1595	204,7	
1596	205,5	
1597	204,0	
1598	205,3	
1599	207,6	
1600	203,1	
1601	203,4	
1602	203,7	
1603	203,6	
1604	201,4	
1605	202,9	
1606	206,1	
1607	202,8	
1608	201,3	
1609	201,2	
1610	202,2	
1611	201,8	
1612	199,4	
1613	201,6	
1614	205,7	
1615	199,0	
1616	200,1	
1617	200,3	
1618	197,0	
1619	200,5	
1620	198,3	
1621	196,2	
1622	196,2	
1623	196,8	
1624	195,5	
1625	198,8	
1626	194,9	
1627	199,5	
1628	194,3	
1629	194,1	
1630	194,5	
1631	193,7	
1632	192,9	
1633	193,9	
1634	198,1	
1635	192,5	
1636	193,8	
1637	193,1	
1638	193,5	
1639	191,9	
1640	192,4	
1641	193,2	
1642	190,3	
1643	191,5	
1644	189,4	
1645	190,4	
1646	189,1	
1647	188,4	
1648	189,0	
1649	186,1	
1650	187,8	
1651	187,3	
1652	185,0	
1653	184,6	
1654	189,8	
1655	181,3	
1656	188,4	
1657	182,8	
1658	184,0	
1659	182,0	
1660	183,7	
1661	181,7	
1662	184,2	
1663	180,5	
1664	181,0	
1665	181,2	
1666	181,7	
1667	182,4	
1668	189,2	
1669	181,3	
1670	180,3	
1671	179,3	
1672	180,0	
1673	179,9	
1674	181,7	
1675	177,9	
1676	177,4	
1677	179,5	
1678	175,8	
1679	176,9	
1680	173,9	
1681	174,5	
1682	172,3	
1683	175,7	
1684	172,4	
1685	173,1	
1686	172,4	
1687	173,7	
1688	172,7	
1689	173,3	
1690	171,3	
1691	171,9	
1692	171,6	
1693	173,4	
1694	171,5	
1695	173,3	
1696	169,6	
1697	172,9	
1698	169,0	
1699	168,6	
1700	169,3	
1701	169,5	
1702	168,4	
1703	173,1	
1704	168,4	
1705	168,2	
1706	166,8	
1707	166,2	
1708	164,6	
1709	166,3	
1710	164,8	
1711	163,8	
1712	163,6	
1713	166,7	
1714	165,1	
1715	162,2	
1716	170,9	
1717	162,0	
1718	161,0	
1719	159,7	
1720	160,1	
1721	161,5	
1722	160,4	
1723	160,3	
1724	163,8	
1725	161,2	
1726	158,0	
1727	157,7	
1728	157,3	
1729	159,1	
1730	158,5	
1731	156,9	
1732	158,0	
1733	156,2	
1734	154,4	
1735	154,8	
1736	154,2	
1737	155,9	
1738	152,2	
1739	154,4	
1740	154,7	
1741	152,7	
1742	153,5	
1743	154,4	
1744	160,1	
1745	151,3	
1746	153,3	
1747	151,8	
1748	152,1	
1749	149,1	
1750	150,3	
1751	149,6	
1752	151,2	
1753	148,9	
1754	150,7	
1755	148,4	
1756	150,8	
1757	149,5	
1758	147,7	
1759	148,1	
1760	145,9	
1761	147,7	
1762	146,2	
1763	145,6	
1764	146,5	
1765	144,8	
1766	143,2	
1767	142,1	
1768	141,3	
1769	140,9	
1770	141,2	
1771	143,0	
1772	139,5	
1773	140,2	
1774	140,8	
1775	139,8	
1776	139,6	
1777	141,6	
1778	138,8	
1779	138,6	
1780	141,2	
1781	137,4	
1782	139,9	
1783	142,0	
1784	139,1	
1785	139,9	
1786	135,1	
1787	136,0	
1788	136,2	
1789	134,7	
1790	132,5	
1791	133,6	
1792	134,3	
1793	133,7	
1794	132,7	
1795	133,8	
1796	131,8	
1797	130,0	
1798	130,8	
1799	130,6	
1800	132,8	
1801	128,6	
1802	129,0	
1803	129,4	
1804	133,6	
1805	127,3	
1806	132,6	
1807	128,2	
1808	128,2	
1809	126,6	
1810	132,7	
1811	129,3	
1812	127,6	
1813	125,8	
1814	130,2	
1815	126,7	
1816	125,0	
1817	124,2	
1818	125,1	
1819	123,5	
1820	123,6	
1821	122,3	
1822	125,8	
1823	123,1	
1824	121,8	
1825	120,1	
1826	118,7	
1827	120,7	
1828	119,0	
1829	118,8	
1830	122,9	
1831	118,7	
1832	118,5	
1833	118,8	
1834	123,0	
1835	117,8	
1836	121,2	
1837	119,7	
1838	116,9	
1839	118,3	
1840	117,8	
1841	115,7	
1842	115,5	
1843	115,9	
1844	119,7	
1845	116,6	
1846	116,0	
1847	114,7	
1848	113,9	
1849	113,6	
1850	112,9	
1851	113,2	
1852	113,7	
1853	111,0	
1854	111,3	
1855	110,3	
1856	112,1	
1857	108,9	
1858	109,0	
1859	111,4	
1860	109,0	
1861	108,6	
1862	113,3	
1863	108,8	
1864	110,9	
1865	110,3	
1866	108,2	
1867	110,8	
1868	106,5	
1869	108,6	
1870	105,3	
1871	107,2	
1872	104,8	
1873	104,1	
1874	104,6	
1875	101,7	
1876	101,3	
1877	101,7	
1878	102,2	
1879	103,5	
1880	101,6	
1881	102,0	
1882	100,2	
1883	99,8	
1884	103,7	
1885	99,0	
1886	97,5	
1887	98,2	
1888	95,2	
1889	97,2	
1890	94,8	
1891	93,0	
1892	92,9	
1893	96,0	
1894	94,7	
1895	92,0	
1896	95,1	
1897	99,4	
1898	93,8	
1899	91,2	
1900	91,7	
1901	90,0	
1902	96,9	
1903	87,5	
1904	89,6	
1905	93,4	
1906	88,9	
1907	87,6	
1908	87,4	
1909	86,9	
1910	86,0	
1911	87,2	
1912	85,6	
1913	84,8	
1914	85,6	
1915	86,8	
1916	87,7	
1917	82,5	
1918	84,3	
1919	85,3	
1920	84,0	
1921	83,8	
1922	80,6	
1923	84,2	
1924	81,5	
1925	81,2	
1926	83,2	
1927	82,4	
1928	81,3	
1929	81,9	
1930	77,7	
1931	86,7	
1932	76,5	
1933	77,8	
1934	79,3	
1935	79,5	
1936	78,2	
1937	78,8	
1938	75,8	
1939	78,4	
1940	75,6	
1941	75,2	
1942	75,7	
1943	73,9	
1944	73,9	
1945	76,3	
1946	73,1	
1947	74,7	
1948	74,1	
1949	71,7	
1950	71,7	
1951	73,7	
1952	73,1	
1953	77,1	
1954	72,3	
1955	70,3	
1956	71,6	
1957	69,5	
1958	69,0	
1959	74,4	
1960	72,9	
1961	70,6	
1962	68,6	
1963	71,9	
1964	68,5	
1965	68,4	
1966	70,0	
1967	69,6	
1968	65,9	
1969	68,2	
1970	67,1	
1971	67,5	
1972	66,9	
1973	67,5	
1974	69,2	
1975	69,8	
1976	67,4	
1977	66,9	
1978	68,5	
1979	64,4	
1980	70,8	
1981	66,1	
1982	65,7	
1983	63,9	
1984	64,6	
1985	65,0	
1986	71,4	
1987	62,9	
1988	68,5	
1989	63,1	
1990	62,1	
1991	60,9	
1992	62,4	
1993	60,7	
1994	62,9	
1995	59,2	
1996	60,8	
1997	60,5	
1998	60,2	
1999	60,0	
2000	64,5	
2001	58,2	
2002	58,4	
2003	57,7	
2004	56,9	
2005	58,2	
2006	58,0	
2007	56,2	
2008	56,3	
2009	59,1	
2010	55,0	
2011	55,3	
2012	55,4	
2013	54,2	
2014	54,5	
2015	52,0	
2016	54,9	
2017	53,0	
2018	53,4	
2019	53,9	
2020	49,4	
2021	49,0	
2022	50,7	
2023	49,6	
2024	48,6	
2025	49,2	
2026	47,8	
2027	47,7	
2028	54,3	
2029	47,5	
2030	45,9	
2031	45,2	
2032	44,8	
2033	46,6	
2034	46,3	
2035	45,6	
2036	47,1	
2037	52,3	
2038	43,0	
2039	43,4	
2040	44,0	
2041	44,0	
2042	44,1	
2043	45,1	
2044	43,0	
2045	42,7	
2046	43,7	
2047	41,3	
2048	41,7	
2049	40,0	
2050	51,8	
2051	42,7	
2052	41,6	
2053	39,1	
2054	40,1	
2055	40,3	
2056	40,0	
2057	40,5	
2058	36,8	
2059	38,1	
2060	37,3	
2061	35,5	
2062	36,9	
2063	36,7	
2064	37,1	
2065	37,2	
2066	33,5	
2067	37,0	
2068	34,8	
2069	33,7	
2070	33,3	
2071	33,7	
2072	34,2	
2073	33,9	
2074	33,5	
2075	34,2	
2076	31,0	
2077	32,0	
2078	31,7	
2079	31,8	
2080	32,2	
2081	36,7	
2082	31,7	
2083	29,7	
2084	28,7	
2085	30,1	
2086	29,4	
2087	28,3	
2088	31,4	
2089	27,7	
2090	29,4	
2091	30,3	
2092	28,9	
2093	28,5	
2094	28,0	
2095	29,1	
2096	28,4	
2097	28,0	
2098	28,0	
2099	27,3	
2100	36,9	
2101	27,1	
2102	26,1	
2103	24,6	
2104	25,9	
2105	27,5	
2106	27,1	
2107	25,8	
2108	24,4	
2109	25,5	
2110	23,6	
2111	23,4	
2112	24,9	
2113	25,1	
2114	22,9	
2115	23,5	
2116	24,8	
2117	21,6	
2118	23,1	
2119	22,1	
2120	23,4	
2121	19,8	
2122	30,6	
2123	20,4	
2124	20,3	
2125	22,6	
2126	18,7	
2127	18,2	
2128	21,1	
2129	18,5	
2130	19,3	
2131	22,1	
2132	17,2	
2133	18,4	
2134	17,5	
2135	16,2	
2136	17,9	
2137	16,7	
2138	19,9	
2139	19,4	
2140	15,0	
2141	15,6	
2142	14,9	
2143	16,6	
2144	15,9	
2145	13,7	
2146	14,3	
2147	16,5	
2148	13,7	
2149	15,8	
2150	15,0	
2151	13,0	
2152	14,7	
2153	12,6	
2154	12,9	
2155	12,8	
2156	12,3	
2157	12,5	
2158	11,7	
2159	14,9	
2160	10,9	
2161	11,0	
2162	9,7	
2163	8,8	
2164	10,7	
2165	11,4	
2166	12,2	
2167	9,1	
2168	10,2	
2169	7,1	
2170	8,8	
2171	7,1	
2172	8,1	
2173	8,5	
2174	7,5	
2175	6,7	
2176	7,5	
2177	5,7	
2178	6,1	
2179	7,0	
2180	6,1	
2181	4,8	
2182	7,9	
2183	3,9	
2184	3,7	
2185	2,2	
2186	4,3	
2187	3,7	
2188	2,6	
2189	1,7	
2190	3,4	
2191	3,9	
2192	2,2	
2193	0,9	
2194	1,4	
2195	1,8	
2196	-0,2	
2197	1,3	
2198	2,0	
2199	2,9	
2200	-0,4	
2201	1,5	
2202	2,7	
2203	-0,9	
2204	2,4	
2205	2,3	
2206	-1,9	
2207	0,3	
2208	0,8	
2209	0,3	
2210	-2,3	
2211	-2,6	
2212	-0,2	
2213	-1,2	
2214	-2,2	
2215	1,7	
2216	-0,5	
2217	-1,3	
2218	0,9	
2219	1,7	
2220	-2,1	
2221	-0,8	
2222	-2,3	
2223	-2,9	
2224	4,6	
2225	0,9	
2226	-1,4	
2227	-1,6	
2228	-4,4	
2229	-3,1	
2230	-3,3	
2231	-4,8	
2232	-3,4	
2233	-3,7	
2234	-2,5	
2235	-3,2	
2236	-4,5	
2237	-6,4	
2238	-1,7	
2239	-6,2	
2240	-6,7	
2241	-3,4	
2242	-3,9	
2243	-4,7	
2244	-6,8	
2245	-7,9	
2246	-6,8	
2247	-6,7	
2248	-7,0	
2249	-8,3	
2250	-9,4	
2251	-7,7	
2252	-8,8	
2253	-9,8	
2254	-9,5	
2255	-10,4	
2256	-10,8	
2257	-5,7	
2258	-9,8	
2259	-8,3	
2260	-9,8	
2261	2,7	
2262	5,3	
2263	-5,9	
2264	-4,5	
2265	-7,3	
2266	-9,2	
2267	-9,2	
2268	-8,4	
2269	-8,0	
2270	-9,3	
2271	-7,6	
2272	-8,3	
2273	-6,3	
2274	-9,9	
2275	-7,4	
2276	-9,0	
2277	-10,9	
2278	-0,9	
2279	-8,5	
2280	-10,3	
2281	-9,0	
2282	-10,0	
2283	-10,2	
2284	-11,2	
2285	-11,0	
2286	-9,1	
2287	-11,3	
2288	-10,7	
2289	-6,2	
2290	-12,7	
2291	-12,6	
2292	-11,3	
2293	-4,5	
2294	-12,2	
2295	-14,1	
2296	-13,2	
2297	-13,1	
2298	-13,1	
2299	-15,7	
2300	-13,9	
2301	-15,0	
2302	-9,7	
2303	-11,9	
2304	-16,1	
2305	-13,8	
2306	-15,7	
2307	-15,6	
2308	-16,4	
2309	-17,9	
2310	-16,6	
2311	-17,4	
2312	-16,5	
2313	-11,1	
2314	-16,9	
2315	-17,4	
2316	-18,2	
2317	-16,0	
2318	-17,2	
2319	-17,3	
2320	-4,7	
2321	-16,6	
2322	-18,3	
2323	-13,4	
2324	-18,2	
2325	-15,4	
2326	-18,0	
2327	-15,5	
2328	-15,6	
2329	-14,0	
2330	-16,2	
2331	-17,6	
2332	-16,5	
2333	-12,5	
2334	-12,8	
2335	-17,1	
2336	-16,3	
2337	-11,2	
2338	-11,0	
2339	-5,2	
2340	-14,1	
2341	-14,6	
2342	-16,4	
2343	-18,3	
2344	-16,0	
2345	-16,8	
2346	-18,7	
2347	-17,1	
2348	-18,3	
2349	-15,0	
2350	-17,9	
2351	-18,5	
2352	-18,9	
2353	-17,1	
2354	-16,6	
2355	-16,9	
2356	-14,3	
2357	-16,8	
2358	-18,6	
2359	-18,3	
2360	-18,9	
2361	-21,0	
2362	-22,3	
2363	-19,5	
2364	-20,3	
2365	-21,1	
2366	-17,2	
2367	-20,0	
2368	-19,9	
2369	-20,5	
2370	-18,4	
2371	-19,3	
2372	-18,3	
2373	-15,7	
2374	-20,2	
2375	-18,6	
2376	-20,2	
2377	-15,7	
2378	-18,9	
2379	-17,9	
2380	-19,0	
2381	-19,6	
2382	-19,3	
2383	-19,1	
2384	-15,4	
2385	-17,0	
2386	-19,9	
2387	-15,8	
2388	-17,3	
2389	-18,8	
2390	-18,4	
2391	-18,8	
2392	-18,1	
2393	-16,9	
2394	-11,8	
2395	-19,9	
2396	-19,3	
2397	-15,3	
2398	-19,7	
2399	-19,4	
2400	-16,2	
2401	-16,8	
2402	-18,4	
2403	-17,9	
2404	-19,0	
2405	-18,0	
2406	-19,3	
2407	-19,3	
2408	-8,7	
2409	-20,5	
2410	-19,8	
2411	-18,2	
2412	-16,3	
2413	-21,0	
2414	-18,1	
2415	-19,1	
2416	-14,9	
2417	-21,3	
2418	-20,9	
2419	-21,0	
2420	-20,6	
2421	-22,0	
2422	-20,1	
2423	-22,3	
2424	-22,5	
2425	-22,6	
2426	-21,1	
2427	-21,1	
2428	-22,3	
2429	-20,5	
2430	-23,2	
2431	-20,5	
2432	-20,8	
2433	-20,7	
2434	-20,0	
2435	-21,1	
2436	-19,9	
2437	-21,4	
2438	-20,3	
2439	-22,3	
2440	-19,3	
2441	-18,7	
2442	-21,3	
2443	-20,0	
2444	-17,2	
2445	-19,3	
2446	-19,4	
2447	-18,8	
2448	-20,8	
2449	-21,4	
2450	-20,2	
2451	-19,9	
2452	-17,2	
2453	-19,3	
2454	-18,4	
2455	-19,5	
2456	-16,7	
2457	-18,5	
2458	-19,3	
2459	-18,4	
2460	-15,9	
2461	-13,1	
2462	-16,3	
2463	-16,8	
2464	-18,0	
2465	-19,4	
2466	-17,6	
2467	-17,5	
2468	-18,7	
2469	-14,6	
2470	-14,6	
2471	-17,8	
2472	-17,8	
2473	-19,3	
2474	-17,0	
2475	-19,0	
2476	-17,2	
2477	-16,5	
2478	-17,8	
2479	-12,1	
2480	-15,9	
2481	-17,3	
2482	-15,9	
2483	-16,2	
2484	-18,3	
2485	-17,7	
2486	-15,0	
2487	-16,3	
2488	-16,9	
2489	-16,1	
2490	-15,5	
2491	-15,1	
2492	-16,6	
2493	-15,0	
2494	-15,6	
2495	-17,3	
2496	-14,5	
2497	-14,1	
2498	-13,7	
2499	-10,7	
2500	-13,6	
2501	-13,7	
2502	-13,3	
2503	-12,2	
2504	-13,9	
2505	-6,9	
2506	-11,0	
2507	-13,6	
2508	-10,5	
2509	-11,5	
2510	-11,3	
2511	-11,4	
2512	-8,8	
2513	-11,4	
2514	-12,6	
2515	-10,8	
2516	-12,4	
2517	-8,4	
2518	-9,7	
2519	-10,5	
2520	-11,1	
2521	-9,4	
2522	-10,1	
2523	-8,9	
2524	-9,0	
2525	-10,4	
2526	-9,5	
2527	-9,1	
2528	-9,6	
2529	-10,4	
2530	-7,9	
2531	-8,0	
2532	-7,4	
2533	-9,5	
2534	-7,6	
2535	-7,0	
2536	-7,7	
2537	-3,3	
2538	-8,4	
2539	-9,4	
2540	-9,0	
2541	-8,9	
2542	-8,5	
2543	-4,4	
2544	-3,6	
2545	-8,6	
2546	-8,3	
2547	-7,5	
2548	-7,2	
2549	-6,4	
2550	-6,6	
2551	-5,1	
2552	-5,5	
2553	-4,0	
2554	-4,0	
2555	-4,0	
2556	-0,8	
2557	-4,4	
2558	-2,2	
2559	-0,1	
2560	-1,6	
2561	-0,4	
2562	-1,0	
2563	4,4	
2564	0,5	
2565	-0,4	
2566	0,9	
2567	2,0	
2568	4,1	
2569	-0,3	
2570	2,3	
2571	2,5	
2572	5,0	
2573	3,0	
2574	9,4	
2575	5,1	
2576	8,0	
2577	3,0	
2578	5,9	
2579	5,5	
2580	4,3	
2581	5,5	
2582	4,2	
2583	7,3	
2584	5,7	
2585	5,4	
2586	5,8	
2587	8,0	
2588	7,8	
2589	8,7	
2590	14,6	
2591	7,7	
2592	9,4	
2593	11,4	
