[HEADER]
H01=项目编号:
H02=项目注释:
H03=用户:
H04=测量日期:	21.04.2023
H05=测量时间:	15:53:53
H06=文件名称:	C:\Users\Test-02\Desktop\421HF\10左\file_01.dat
H07=车厢号码:
H08=轮副:
H09=轨道基本间距:	0
H10=轨迹偏移:	0
H11=测量点数:	2592
H12=测量:	好
H14=轮子:	L
H13=扩展注释:
[MeasurementData]
[mm] [µm]
0	0,0	
1	7,5	
2	2,1	
3	0,8	
4	0,2	
5	0,4	
6	2,3	
7	2,2	
8	0,8	
9	1,5	
10	5,0	
11	2,0	
12	3,2	
13	5,3	
14	3,9	
15	3,2	
16	4,8	
17	4,1	
18	3,5	
19	8,9	
20	3,8	
21	4,2	
22	3,0	
23	4,3	
24	6,0	
25	6,5	
26	4,6	
27	7,2	
28	5,8	
29	6,7	
30	7,1	
31	7,7	
32	6,7	
33	12,5	
34	9,1	
35	8,1	
36	10,2	
37	9,8	
38	10,0	
39	9,9	
40	12,0	
41	10,4	
42	11,3	
43	15,7	
44	11,5	
45	12,9	
46	15,8	
47	12,0	
48	12,3	
49	13,2	
50	14,7	
51	16,1	
52	16,4	
53	17,6	
54	15,0	
55	17,6	
56	17,3	
57	17,8	
58	20,8	
59	16,9	
60	21,2	
61	17,0	
62	18,3	
63	17,5	
64	18,7	
65	21,1	
66	18,2	
67	18,9	
68	21,0	
69	21,5	
70	19,9	
71	20,9	
72	22,0	
73	20,4	
74	20,8	
75	20,6	
76	22,0	
77	21,9	
78	22,1	
79	22,9	
80	21,9	
81	22,1	
82	23,4	
83	24,2	
84	23,2	
85	24,2	
86	26,9	
87	27,8	
88	27,9	
89	26,3	
90	25,8	
91	27,3	
92	27,4	
93	27,7	
94	28,8	
95	30,0	
96	29,0	
97	30,8	
98	30,5	
99	30,8	
100	32,4	
101	30,8	
102	31,2	
103	32,7	
104	32,9	
105	33,1	
106	34,7	
107	34,1	
108	34,1	
109	35,1	
110	35,5	
111	37,9	
112	38,5	
113	39,8	
114	37,0	
115	39,2	
116	38,1	
117	39,5	
118	39,7	
119	38,3	
120	40,2	
121	42,7	
122	41,4	
123	41,4	
124	41,5	
125	41,7	
126	44,5	
127	44,0	
128	43,5	
129	45,7	
130	43,7	
131	43,5	
132	45,4	
133	48,3	
134	44,8	
135	47,1	
136	46,8	
137	45,7	
138	45,0	
139	49,4	
140	47,9	
141	46,6	
142	49,1	
143	47,7	
144	51,7	
145	48,1	
146	58,5	
147	51,3	
148	50,4	
149	57,2	
150	51,9	
151	52,1	
152	52,9	
153	53,8	
154	54,3	
155	54,6	
156	62,1	
157	55,6	
158	55,8	
159	54,9	
160	57,9	
161	57,8	
162	58,5	
163	58,8	
164	58,4	
165	62,3	
166	58,4	
167	63,3	
168	59,2	
169	65,8	
170	61,7	
171	61,3	
172	61,3	
173	62,4	
174	63,6	
175	64,5	
176	62,4	
177	63,6	
178	63,8	
179	63,9	
180	66,8	
181	69,0	
182	76,3	
183	66,9	
184	67,4	
185	66,0	
186	67,5	
187	67,4	
188	68,0	
189	69,1	
190	69,0	
191	68,7	
192	71,5	
193	68,2	
194	69,7	
195	70,7	
196	72,1	
197	70,1	
198	75,1	
199	70,7	
200	71,9	
201	73,9	
202	74,5	
203	73,0	
204	75,6	
205	73,8	
206	75,0	
207	75,6	
208	79,1	
209	76,6	
210	77,7	
211	78,0	
212	77,4	
213	78,5	
214	79,2	
215	80,3	
216	80,5	
217	81,9	
218	83,7	
219	81,2	
220	82,1	
221	84,2	
222	82,6	
223	85,0	
224	84,4	
225	86,4	
226	85,9	
227	86,8	
228	89,7	
229	85,9	
230	87,7	
231	87,0	
232	87,5	
233	88,5	
234	88,1	
235	88,1	
236	88,2	
237	91,3	
238	97,0	
239	90,2	
240	90,8	
241	91,7	
242	95,8	
243	92,1	
244	92,3	
245	95,5	
246	93,0	
247	98,8	
248	95,2	
249	95,9	
250	98,1	
251	97,1	
252	94,5	
253	97,0	
254	96,3	
255	97,2	
256	95,6	
257	98,9	
258	98,5	
259	97,2	
260	99,0	
261	99,6	
262	98,5	
263	101,5	
264	99,9	
265	101,1	
266	101,7	
267	102,1	
268	102,3	
269	104,5	
270	106,7	
271	104,9	
272	106,2	
273	104,5	
274	112,5	
275	105,8	
276	110,4	
277	108,0	
278	108,2	
279	110,1	
280	109,4	
281	111,7	
282	107,9	
283	112,1	
284	116,3	
285	110,9	
286	111,5	
287	115,3	
288	113,4	
289	114,4	
290	115,9	
291	114,5	
292	114,0	
293	117,8	
294	117,3	
295	115,5	
296	117,3	
297	115,3	
298	116,0	
299	123,0	
300	117,4	
301	116,7	
302	118,8	
303	120,6	
304	119,8	
305	126,2	
306	120,2	
307	121,3	
308	121,8	
309	121,5	
310	121,6	
311	122,4	
312	121,5	
313	123,0	
314	121,3	
315	122,3	
316	122,9	
317	123,0	
318	123,3	
319	124,7	
320	126,2	
321	125,8	
322	127,3	
323	129,2	
324	128,1	
325	130,1	
326	131,1	
327	132,3	
328	134,5	
329	134,6	
330	132,8	
331	134,4	
332	133,3	
333	137,9	
334	133,5	
335	134,2	
336	135,7	
337	140,0	
338	134,6	
339	136,4	
340	141,1	
341	139,1	
342	137,6	
343	141,6	
344	139,5	
345	141,7	
346	141,9	
347	144,2	
348	142,0	
349	141,9	
350	147,6	
351	144,5	
352	143,1	
353	144,5	
354	145,0	
355	145,2	
356	145,2	
357	146,5	
358	153,3	
359	147,7	
360	147,3	
361	148,6	
362	148,6	
363	149,5	
364	152,3	
365	151,8	
366	151,9	
367	151,3	
368	151,0	
369	151,9	
370	151,4	
371	151,8	
372	153,5	
373	153,0	
374	152,4	
375	153,0	
376	153,1	
377	155,6	
378	156,2	
379	155,1	
380	155,6	
381	158,2	
382	159,2	
383	158,1	
384	161,5	
385	159,4	
386	160,1	
387	162,4	
388	161,5	
389	163,0	
390	165,4	
391	166,6	
392	164,3	
393	165,3	
394	164,7	
395	165,6	
396	166,7	
397	169,4	
398	166,8	
399	166,3	
400	166,7	
401	169,7	
402	168,0	
403	170,1	
404	170,8	
405	169,4	
406	170,9	
407	171,9	
408	174,1	
409	176,7	
410	173,5	
411	176,5	
412	175,8	
413	173,7	
414	173,2	
415	174,0	
416	176,6	
417	175,7	
418	176,3	
419	176,2	
420	177,0	
421	182,5	
422	177,8	
423	184,0	
424	180,6	
425	178,0	
426	178,8	
427	180,1	
428	179,3	
429	179,1	
430	183,9	
431	185,9	
432	183,5	
433	182,1	
434	184,4	
435	185,3	
436	182,5	
437	185,9	
438	187,4	
439	186,5	
440	185,9	
441	185,8	
442	191,1	
443	189,1	
444	190,9	
445	189,5	
446	191,5	
447	189,6	
448	189,5	
449	192,0	
450	192,2	
451	192,8	
452	191,9	
453	192,2	
454	193,6	
455	196,2	
456	194,2	
457	196,1	
458	195,8	
459	197,8	
460	197,7	
461	197,2	
462	197,1	
463	200,7	
464	197,8	
465	198,6	
466	198,5	
467	200,2	
468	200,2	
469	200,5	
470	200,6	
471	202,7	
472	203,0	
473	203,2	
474	202,5	
475	203,8	
476	205,1	
477	205,2	
478	205,0	
479	204,8	
480	206,3	
481	207,1	
482	205,4	
483	206,7	
484	208,7	
485	208,8	
486	209,6	
487	208,1	
488	208,6	
489	221,4	
490	212,4	
491	209,5	
492	210,6	
493	210,0	
494	211,7	
495	212,8	
496	213,1	
497	214,2	
498	216,2	
499	214,6	
500	215,4	
501	216,9	
502	217,2	
503	217,2	
504	217,8	
505	218,6	
506	219,5	
507	221,0	
508	221,0	
509	231,1	
510	223,5	
511	224,3	
512	225,4	
513	223,9	
514	224,5	
515	225,4	
516	225,2	
517	225,1	
518	226,2	
519	232,3	
520	227,5	
521	227,2	
522	227,1	
523	230,0	
524	228,8	
525	228,9	
526	229,2	
527	230,2	
528	230,7	
529	230,8	
530	232,0	
531	232,4	
532	232,3	
533	232,8	
534	233,6	
535	233,9	
536	233,4	
537	234,8	
538	234,6	
539	234,2	
540	234,5	
541	235,6	
542	236,1	
543	235,0	
544	236,0	
545	235,5	
546	237,1	
547	238,2	
548	237,7	
549	239,2	
550	240,5	
551	239,7	
552	241,4	
553	241,1	
554	240,9	
555	241,6	
556	243,8	
557	243,8	
558	243,4	
559	244,3	
560	245,0	
561	244,7	
562	246,0	
563	246,0	
564	246,6	
565	247,6	
566	247,9	
567	247,7	
568	248,1	
569	248,6	
570	248,7	
571	251,6	
572	250,4	
573	252,3	
574	251,4	
575	252,6	
576	253,4	
577	253,9	
578	253,7	
579	253,1	
580	255,7	
581	255,5	
582	258,1	
583	255,1	
584	255,4	
585	255,7	
586	257,8	
587	259,0	
588	257,5	
589	258,2	
590	257,7	
591	259,8	
592	259,2	
593	261,4	
594	259,0	
595	259,6	
596	264,6	
597	261,8	
598	261,2	
599	259,8	
600	260,7	
601	265,1	
602	261,9	
603	261,9	
604	261,8	
605	262,7	
606	263,2	
607	262,8	
608	263,5	
609	263,5	
610	264,7	
611	269,0	
612	265,8	
613	268,5	
614	267,3	
615	268,5	
616	269,9	
617	270,4	
618	269,2	
619	273,0	
620	272,9	
621	270,4	
622	272,8	
623	272,4	
624	271,6	
625	273,4	
626	272,6	
627	273,2	
628	276,1	
629	274,9	
630	276,9	
631	274,9	
632	275,4	
633	276,1	
634	276,4	
635	278,7	
636	278,3	
637	279,6	
638	277,2	
639	281,1	
640	280,2	
641	279,0	
642	282,5	
643	280,5	
644	281,2	
645	279,9	
646	280,7	
647	280,7	
648	282,0	
649	280,7	
650	281,2	
651	283,1	
652	282,5	
653	283,0	
654	283,2	
655	282,0	
656	284,3	
657	283,4	
658	284,4	
659	283,3	
660	283,3	
661	284,4	
662	284,1	
663	287,8	
664	284,8	
665	284,7	
666	285,4	
667	287,2	
668	292,0	
669	289,7	
670	288,5	
671	287,8	
672	291,5	
673	289,1	
674	290,2	
675	290,3	
676	290,5	
677	290,7	
678	290,3	
679	291,1	
680	290,7	
681	291,4	
682	293,4	
683	291,5	
684	292,3	
685	293,7	
686	293,1	
687	294,1	
688	294,0	
689	295,4	
690	295,5	
691	296,1	
692	295,1	
693	296,3	
694	295,5	
695	297,4	
696	297,3	
697	299,2	
698	297,4	
699	297,3	
700	298,0	
701	298,4	
702	299,5	
703	299,4	
704	298,3	
705	298,4	
706	300,8	
707	299,2	
708	299,8	
709	299,9	
710	299,4	
711	299,9	
712	300,5	
713	299,8	
714	300,5	
715	300,0	
716	300,8	
717	301,9	
718	301,8	
719	301,6	
720	301,4	
721	301,9	
722	302,3	
723	302,0	
724	306,6	
725	303,8	
726	305,8	
727	304,5	
728	307,1	
729	305,8	
730	307,8	
731	306,2	
732	306,7	
733	306,5	
734	308,3	
735	307,3	
736	307,3	
737	309,4	
738	310,6	
739	310,5	
740	311,3	
741	309,0	
742	312,4	
743	310,4	
744	312,1	
745	312,6	
746	313,8	
747	311,2	
748	309,7	
749	311,9	
750	310,8	
751	312,4	
752	312,6	
753	313,3	
754	314,0	
755	312,3	
756	314,3	
757	313,7	
758	316,6	
759	315,2	
760	316,5	
761	315,6	
762	316,6	
763	314,9	
764	315,6	
765	316,1	
766	318,3	
767	315,8	
768	314,7	
769	314,9	
770	317,8	
771	317,7	
772	317,8	
773	316,8	
774	315,4	
775	320,4	
776	318,9	
777	315,6	
778	315,9	
779	315,3	
780	317,8	
781	317,3	
782	317,9	
783	318,2	
784	316,8	
785	321,7	
786	317,5	
787	319,2	
788	319,6	
789	322,3	
790	321,2	
791	322,8	
792	320,9	
793	323,4	
794	325,7	
795	321,0	
796	320,8	
797	321,7	
798	320,0	
799	321,6	
800	321,8	
801	327,9	
802	321,2	
803	322,4	
804	322,9	
805	322,3	
806	322,1	
807	323,3	
808	321,7	
809	325,0	
810	324,1	
811	324,2	
812	324,3	
813	325,5	
814	324,2	
815	326,8	
816	323,0	
817	325,9	
818	323,7	
819	325,7	
820	324,2	
821	324,5	
822	324,8	
823	326,2	
824	322,8	
825	326,8	
826	323,7	
827	325,6	
828	327,2	
829	329,2	
830	323,1	
831	322,9	
832	325,1	
833	324,5	
834	323,9	
835	324,3	
836	327,1	
837	332,5	
838	324,4	
839	325,2	
840	322,2	
841	323,6	
842	326,6	
843	326,8	
844	326,1	
845	326,2	
846	325,8	
847	328,0	
848	325,5	
849	330,0	
850	327,0	
851	330,7	
852	327,0	
853	328,7	
854	329,8	
855	331,2	
856	332,3	
857	329,1	
858	327,6	
859	330,3	
860	328,6	
861	329,3	
862	330,1	
863	334,3	
864	328,0	
865	332,1	
866	331,1	
867	330,2	
868	332,0	
869	328,5	
870	331,0	
871	328,7	
872	327,4	
873	334,7	
874	330,5	
875	330,3	
876	328,8	
877	329,3	
878	329,1	
879	328,6	
880	330,0	
881	331,4	
882	329,5	
883	327,8	
884	327,2	
885	328,5	
886	330,6	
887	332,4	
888	327,2	
889	328,9	
890	329,7	
891	328,1	
892	328,5	
893	330,6	
894	328,3	
895	334,2	
896	328,4	
897	330,9	
898	329,1	
899	328,5	
900	328,4	
901	332,1	
902	328,5	
903	329,9	
904	331,2	
905	331,4	
906	331,0	
907	331,6	
908	337,0	
909	329,3	
910	329,8	
911	331,1	
912	332,0	
913	330,2	
914	330,3	
915	330,5	
916	332,6	
917	328,5	
918	334,3	
919	329,6	
920	329,2	
921	330,7	
922	329,3	
923	328,8	
924	328,8	
925	329,5	
926	333,5	
927	336,0	
928	333,2	
929	329,4	
930	331,1	
931	328,7	
932	332,0	
933	330,2	
934	329,7	
935	328,3	
936	331,5	
937	330,6	
938	328,9	
939	328,1	
940	329,4	
941	330,2	
942	332,7	
943	328,6	
944	327,6	
945	328,3	
946	327,7	
947	328,5	
948	328,1	
949	326,6	
950	328,1	
951	328,0	
952	333,3	
953	329,9	
954	329,3	
955	331,2	
956	328,7	
957	330,5	
958	332,8	
959	328,7	
960	328,0	
961	331,3	
962	329,2	
963	329,3	
964	328,7	
965	328,7	
966	338,1	
967	332,1	
968	329,2	
969	328,3	
970	333,0	
971	329,1	
972	328,5	
973	330,2	
974	329,5	
975	326,9	
976	326,7	
977	327,2	
978	328,0	
979	330,1	
980	328,1	
981	327,2	
982	329,7	
983	326,5	
984	327,7	
985	327,5	
986	329,1	
987	327,2	
988	329,6	
989	328,1	
990	331,2	
991	327,8	
992	326,2	
993	327,7	
994	326,2	
995	326,2	
996	325,8	
997	326,7	
998	327,6	
999	327,3	
1000	328,0	
1001	328,0	
1002	327,7	
1003	326,3	
1004	325,7	
1005	325,8	
1006	327,5	
1007	327,8	
1008	327,2	
1009	327,3	
1010	328,8	
1011	327,6	
1012	327,6	
1013	327,7	
1014	331,6	
1015	327,1	
1016	328,6	
1017	327,3	
1018	327,1	
1019	328,8	
1020	326,4	
1021	327,2	
1022	325,4	
1023	325,2	
1024	331,8	
1025	328,6	
1026	326,5	
1027	327,7	
1028	326,1	
1029	325,4	
1030	324,9	
1031	327,9	
1032	325,3	
1033	324,9	
1034	325,7	
1035	326,6	
1036	326,6	
1037	323,1	
1038	323,8	
1039	324,3	
1040	329,4	
1041	324,7	
1042	326,9	
1043	322,9	
1044	322,3	
1045	323,5	
1046	323,9	
1047	324,7	
1048	325,3	
1049	322,1	
1050	321,8	
1051	323,3	
1052	321,2	
1053	320,5	
1054	318,4	
1055	321,5	
1056	327,4	
1057	322,8	
1058	321,9	
1059	323,5	
1060	319,1	
1061	320,8	
1062	319,0	
1063	323,9	
1064	327,7	
1065	321,5	
1066	319,9	
1067	320,7	
1068	318,2	
1069	321,0	
1070	320,3	
1071	322,8	
1072	320,7	
1073	320,7	
1074	320,7	
1075	319,6	
1076	318,5	
1077	319,5	
1078	321,2	
1079	318,9	
1080	317,8	
1081	319,8	
1082	318,1	
1083	316,4	
1084	317,5	
1085	319,0	
1086	319,3	
1087	320,0	
1088	315,9	
1089	316,1	
1090	316,0	
1091	316,6	
1092	324,6	
1093	318,6	
1094	313,7	
1095	316,6	
1096	316,1	
1097	312,5	
1098	321,7	
1099	315,5	
1100	313,5	
1101	314,4	
1102	312,9	
1103	314,2	
1104	313,0	
1105	313,2	
1106	312,1	
1107	320,8	
1108	311,9	
1109	312,4	
1110	313,5	
1111	314,4	
1112	313,1	
1113	310,7	
1114	311,7	
1115	309,9	
1116	315,4	
1117	311,4	
1118	310,5	
1119	311,6	
1120	309,5	
1121	309,6	
1122	310,8	
1123	309,4	
1124	313,5	
1125	309,0	
1126	309,1	
1127	309,0	
1128	308,7	
1129	309,0	
1130	308,8	
1131	311,1	
1132	310,2	
1133	307,7	
1134	310,5	
1135	308,4	
1136	309,2	
1137	308,1	
1138	310,9	
1139	309,4	
1140	309,7	
1141	307,7	
1142	309,4	
1143	309,0	
1144	308,2	
1145	307,2	
1146	307,0	
1147	307,0	
1148	306,4	
1149	311,9	
1150	308,2	
1151	307,0	
1152	306,1	
1153	306,0	
1154	305,1	
1155	311,6	
1156	311,4	
1157	309,2	
1158	304,0	
1159	305,5	
1160	304,5	
1161	304,7	
1162	307,3	
1163	304,5	
1164	303,1	
1165	309,8	
1166	309,7	
1167	303,6	
1168	307,4	
1169	306,4	
1170	303,6	
1171	301,6	
1172	302,3	
1173	302,7	
1174	302,8	
1175	303,5	
1176	304,6	
1177	303,2	
1178	300,1	
1179	299,8	
1180	300,8	
1181	301,5	
1182	299,3	
1183	300,7	
1184	301,1	
1185	301,7	
1186	298,8	
1187	302,5	
1188	302,8	
1189	303,3	
1190	299,6	
1191	298,8	
1192	300,2	
1193	299,9	
1194	301,8	
1195	297,8	
1196	299,8	
1197	300,7	
1198	299,9	
1199	299,0	
1200	297,9	
1201	296,7	
1202	299,5	
1203	294,0	
1204	294,8	
1205	294,5	
1206	294,2	
1207	293,5	
1208	293,1	
1209	294,2	
1210	294,6	
1211	294,1	
1212	296,4	
1213	296,4	
1214	294,3	
1215	291,4	
1216	292,0	
1217	293,3	
1218	292,6	
1219	290,0	
1220	290,3	
1221	295,6	
1222	294,2	
1223	289,7	
1224	289,9	
1225	292,5	
1226	286,4	
1227	287,2	
1228	290,7	
1229	288,9	
1230	289,0	
1231	290,1	
1232	287,7	
1233	287,9	
1234	287,4	
1235	286,9	
1236	287,3	
1237	287,7	
1238	288,0	
1239	287,6	
1240	289,2	
1241	289,0	
1242	286,5	
1243	289,5	
1244	285,1	
1245	285,2	
1246	286,1	
1247	284,0	
1248	285,0	
1249	285,3	
1250	284,8	
1251	288,1	
1252	284,6	
1253	286,6	
1254	283,9	
1255	282,1	
1256	284,0	
1257	283,4	
1258	281,2	
1259	282,2	
1260	282,8	
1261	281,1	
1262	280,8	
1263	281,2	
1264	280,4	
1265	280,2	
1266	286,6	
1267	280,0	
1268	278,6	
1269	282,1	
1270	278,8	
1271	280,2	
1272	278,0	
1273	283,1	
1274	277,7	
1275	282,6	
1276	282,9	
1277	278,8	
1278	280,0	
1279	275,9	
1280	279,7	
1281	277,3	
1282	274,5	
1283	275,0	
1284	276,7	
1285	274,0	
1286	274,0	
1287	274,2	
1288	279,1	
1289	274,5	
1290	274,6	
1291	271,6	
1292	272,6	
1293	277,6	
1294	272,4	
1295	272,6	
1296	272,4	
1297	271,6	
1298	272,7	
1299	273,6	
1300	270,5	
1301	270,6	
1302	270,8	
1303	271,2	
1304	271,7	
1305	272,2	
1306	271,8	
1307	272,2	
1308	273,5	
1309	269,3	
1310	272,1	
1311	269,6	
1312	271,5	
1313	270,3	
1314	268,0	
1315	268,5	
1316	267,1	
1317	266,2	
1318	266,6	
1319	268,2	
1320	267,6	
1321	265,2	
1322	267,5	
1323	265,8	
1324	264,4	
1325	264,2	
1326	265,2	
1327	267,8	
1328	265,6	
1329	262,9	
1330	265,4	
1331	264,2	
1332	263,2	
1333	267,9	
1334	261,9	
1335	262,6	
1336	261,0	
1337	262,0	
1338	261,7	
1339	260,6	
1340	258,7	
1341	259,9	
1342	258,9	
1343	257,9	
1344	264,6	
1345	257,7	
1346	256,9	
1347	256,4	
1348	258,8	
1349	255,4	
1350	256,4	
1351	258,4	
1352	255,0	
1353	255,7	
1354	255,7	
1355	258,9	
1356	255,7	
1357	256,1	
1358	255,2	
1359	254,6	
1360	253,4	
1361	252,8	
1362	253,6	
1363	254,2	
1364	254,5	
1365	255,5	
1366	252,4	
1367	251,5	
1368	251,8	
1369	251,5	
1370	258,1	
1371	254,5	
1372	251,5	
1373	249,7	
1374	251,5	
1375	250,4	
1376	250,2	
1377	249,4	
1378	249,6	
1379	247,0	
1380	247,3	
1381	252,4	
1382	248,9	
1383	248,0	
1384	245,2	
1385	245,6	
1386	246,2	
1387	244,8	
1388	247,4	
1389	244,4	
1390	245,2	
1391	245,0	
1392	247,3	
1393	244,1	
1394	243,9	
1395	243,7	
1396	249,1	
1397	243,7	
1398	243,1	
1399	242,5	
1400	241,7	
1401	240,9	
1402	241,9	
1403	242,5	
1404	241,2	
1405	240,3	
1406	239,4	
1407	239,3	
1408	239,7	
1409	241,0	
1410	239,2	
1411	237,7	
1412	237,3	
1413	238,4	
1414	239,0	
1415	236,1	
1416	237,3	
1417	241,5	
1418	237,2	
1419	236,8	
1420	237,0	
1421	237,7	
1422	236,5	
1423	236,5	
1424	235,2	
1425	234,0	
1426	235,5	
1427	234,7	
1428	235,0	
1429	234,7	
1430	232,5	
1431	233,5	
1432	234,9	
1433	231,0	
1434	231,7	
1435	230,6	
1436	231,2	
1437	233,6	
1438	231,0	
1439	231,4	
1440	228,6	
1441	229,5	
1442	228,8	
1443	230,4	
1444	227,2	
1445	228,9	
1446	227,6	
1447	226,4	
1448	226,8	
1449	231,1	
1450	226,3	
1451	227,5	
1452	226,1	
1453	230,4	
1454	226,4	
1455	227,4	
1456	224,3	
1457	224,5	
1458	230,2	
1459	224,0	
1460	223,0	
1461	222,0	
1462	224,4	
1463	225,0	
1464	222,0	
1465	220,4	
1466	221,0	
1467	221,1	
1468	221,5	
1469	221,0	
1470	220,1	
1471	226,4	
1472	219,3	
1473	224,0	
1474	220,5	
1475	220,1	
1476	221,4	
1477	219,6	
1478	219,0	
1479	219,8	
1480	220,7	
1481	216,8	
1482	218,7	
1483	219,7	
1484	217,4	
1485	219,5	
1486	215,2	
1487	215,8	
1488	215,4	
1489	217,3	
1490	218,8	
1491	214,7	
1492	211,4	
1493	214,1	
1494	213,4	
1495	211,3	
1496	209,6	
1497	211,4	
1498	207,5	
1499	211,2	
1500	207,9	
1501	208,8	
1502	210,7	
1503	207,2	
1504	207,6	
1505	209,6	
1506	206,8	
1507	206,2	
1508	206,3	
1509	206,1	
1510	204,8	
1511	205,5	
1512	205,1	
1513	208,5	
1514	209,4	
1515	210,2	
1516	203,3	
1517	209,6	
1518	203,2	
1519	202,4	
1520	202,0	
1521	202,5	
1522	205,0	
1523	203,6	
1524	200,8	
1525	202,8	
1526	201,9	
1527	202,7	
1528	199,1	
1529	199,7	
1530	200,8	
1531	200,1	
1532	199,2	
1533	200,5	
1534	198,6	
1535	197,6	
1536	198,9	
1537	198,2	
1538	198,3	
1539	198,7	
1540	197,6	
1541	197,5	
1542	196,9	
1543	195,1	
1544	195,5	
1545	194,5	
1546	195,6	
1547	195,7	
1548	197,9	
1549	193,2	
1550	191,9	
1551	192,7	
1552	191,6	
1553	192,7	
1554	190,8	
1555	193,4	
1556	190,2	
1557	194,8	
1558	188,9	
1559	188,4	
1560	188,9	
1561	187,6	
1562	187,5	
1563	186,5	
1564	190,6	
1565	186,8	
1566	185,7	
1567	185,5	
1568	186,4	
1569	185,3	
1570	185,8	
1571	185,0	
1572	191,8	
1573	184,2	
1574	183,6	
1575	183,9	
1576	182,0	
1577	185,6	
1578	183,9	
1579	180,5	
1580	182,0	
1581	182,0	
1582	181,6	
1583	182,3	
1584	180,7	
1585	183,5	
1586	182,8	
1587	179,0	
1588	179,3	
1589	178,3	
1590	177,8	
1591	178,3	
1592	183,0	
1593	176,0	
1594	176,3	
1595	177,3	
1596	178,2	
1597	176,8	
1598	175,5	
1599	174,9	
1600	177,8	
1601	177,0	
1602	174,4	
1603	173,6	
1604	172,2	
1605	171,9	
1606	173,4	
1607	172,5	
1608	173,4	
1609	171,0	
1610	169,5	
1611	170,4	
1612	173,5	
1613	167,9	
1614	171,7	
1615	168,4	
1616	169,0	
1617	166,3	
1618	168,8	
1619	167,1	
1620	169,9	
1621	165,8	
1622	170,7	
1623	168,2	
1624	167,5	
1625	165,2	
1626	172,7	
1627	165,4	
1628	163,2	
1629	163,4	
1630	164,0	
1631	163,2	
1632	166,0	
1633	163,4	
1634	162,4	
1635	162,5	
1636	161,3	
1637	161,1	
1638	160,3	
1639	163,6	
1640	158,8	
1641	159,4	
1642	159,8	
1643	160,8	
1644	158,3	
1645	158,0	
1646	157,9	
1647	157,3	
1648	157,0	
1649	157,1	
1650	156,2	
1651	157,6	
1652	155,8	
1653	155,8	
1654	156,1	
1655	158,1	
1656	157,7	
1657	156,0	
1658	156,7	
1659	155,2	
1660	153,4	
1661	157,5	
1662	157,2	
1663	154,2	
1664	152,6	
1665	152,7	
1666	153,5	
1667	152,6	
1668	152,2	
1669	151,1	
1670	152,1	
1671	149,3	
1672	147,6	
1673	183,7	
1674	156,6	
1675	146,5	
1676	148,9	
1677	146,1	
1678	147,7	
1679	147,3	
1680	145,3	
1681	146,3	
1682	151,5	
1683	145,3	
1684	149,3	
1685	145,5	
1686	144,7	
1687	145,3	
1688	144,9	
1689	145,0	
1690	143,6	
1691	144,1	
1692	146,6	
1693	144,0	
1694	141,5	
1695	140,6	
1696	141,9	
1697	139,9	
1698	139,4	
1699	140,2	
1700	141,0	
1701	140,1	
1702	139,2	
1703	138,5	
1704	137,4	
1705	139,5	
1706	138,1	
1707	136,6	
1708	137,2	
1709	138,0	
1710	138,0	
1711	136,3	
1712	135,8	
1713	137,0	
1714	135,8	
1715	134,1	
1716	136,1	
1717	135,4	
1718	132,5	
1719	132,9	
1720	132,3	
1721	132,0	
1722	131,6	
1723	130,9	
1724	128,4	
1725	129,9	
1726	127,6	
1727	127,7	
1728	128,1	
1729	127,1	
1730	127,4	
1731	127,1	
1732	130,1	
1733	126,1	
1734	126,4	
1735	128,4	
1736	126,0	
1737	125,1	
1738	125,9	
1739	126,3	
1740	126,0	
1741	129,4	
1742	126,1	
1743	125,1	
1744	123,1	
1745	123,9	
1746	124,0	
1747	124,5	
1748	122,1	
1749	119,8	
1750	119,9	
1751	123,1	
1752	120,0	
1753	117,8	
1754	121,4	
1755	119,5	
1756	117,7	
1757	117,5	
1758	117,6	
1759	117,4	
1760	117,6	
1761	118,0	
1762	116,2	
1763	116,1	
1764	115,2	
1765	114,7	
1766	113,2	
1767	114,4	
1768	114,6	
1769	118,6	
1770	116,0	
1771	116,5	
1772	116,2	
1773	113,5	
1774	114,7	
1775	112,4	
1776	113,5	
1777	110,4	
1778	110,7	
1779	109,8	
1780	108,6	
1781	107,8	
1782	107,7	
1783	113,4	
1784	105,5	
1785	105,9	
1786	107,3	
1787	107,9	
1788	104,5	
1789	105,6	
1790	104,9	
1791	104,6	
1792	104,4	
1793	106,6	
1794	104,7	
1795	102,6	
1796	102,2	
1797	103,4	
1798	104,0	
1799	102,3	
1800	101,3	
1801	103,1	
1802	101,1	
1803	103,5	
1804	100,8	
1805	100,7	
1806	100,1	
1807	102,1	
1808	99,4	
1809	98,2	
1810	97,7	
1811	99,7	
1812	98,0	
1813	98,2	
1814	96,3	
1815	96,4	
1816	96,2	
1817	95,7	
1818	95,3	
1819	94,9	
1820	97,5	
1821	95,8	
1822	98,7	
1823	95,1	
1824	93,7	
1825	92,9	
1826	96,0	
1827	92,6	
1828	91,2	
1829	91,4	
1830	91,6	
1831	90,6	
1832	89,3	
1833	90,7	
1834	90,4	
1835	88,5	
1836	88,6	
1837	89,6	
1838	86,8	
1839	88,1	
1840	87,7	
1841	87,5	
1842	85,5	
1843	86,0	
1844	90,6	
1845	93,7	
1846	83,9	
1847	85,4	
1848	87,3	
1849	82,2	
1850	83,3	
1851	82,1	
1852	80,5	
1853	81,9	
1854	85,4	
1855	81,1	
1856	82,0	
1857	80,8	
1858	80,8	
1859	84,7	
1860	81,2	
1861	80,8	
1862	80,3	
1863	77,5	
1864	76,2	
1865	77,8	
1866	79,3	
1867	75,9	
1868	73,7	
1869	73,4	
1870	79,8	
1871	75,4	
1872	71,9	
1873	72,8	
1874	75,1	
1875	70,8	
1876	71,6	
1877	71,0	
1878	71,7	
1879	74,4	
1880	71,8	
1881	75,3	
1882	69,8	
1883	68,3	
1884	71,3	
1885	69,2	
1886	68,8	
1887	70,5	
1888	68,9	
1889	68,3	
1890	66,6	
1891	66,5	
1892	67,0	
1893	67,8	
1894	66,2	
1895	68,5	
1896	68,1	
1897	65,3	
1898	64,3	
1899	62,6	
1900	66,6	
1901	61,8	
1902	64,1	
1903	63,3	
1904	62,1	
1905	61,6	
1906	62,8	
1907	61,3	
1908	60,5	
1909	62,1	
1910	61,4	
1911	63,0	
1912	59,5	
1913	62,5	
1914	60,3	
1915	58,7	
1916	61,5	
1917	62,5	
1918	58,7	
1919	57,9	
1920	57,2	
1921	58,9	
1922	57,0	
1923	58,3	
1924	59,1	
1925	56,5	
1926	55,1	
1927	56,1	
1928	53,9	
1929	54,2	
1930	52,1	
1931	55,0	
1932	57,4	
1933	52,5	
1934	52,9	
1935	56,6	
1936	55,6	
1937	51,1	
1938	58,4	
1939	52,2	
1940	51,5	
1941	51,6	
1942	52,1	
1943	51,2	
1944	57,9	
1945	49,3	
1946	57,5	
1947	50,5	
1948	49,4	
1949	47,9	
1950	47,6	
1951	47,5	
1952	48,1	
1953	47,7	
1954	45,2	
1955	45,4	
1956	45,9	
1957	46,4	
1958	50,5	
1959	45,6	
1960	45,8	
1961	45,1	
1962	42,9	
1963	43,3	
1964	43,0	
1965	43,3	
1966	41,7	
1967	46,0	
1968	41,1	
1969	41,3	
1970	42,0	
1971	41,8	
1972	40,4	
1973	39,8	
1974	40,4	
1975	43,0	
1976	37,3	
1977	39,6	
1978	39,0	
1979	35,9	
1980	37,7	
1981	36,2	
1982	35,6	
1983	35,3	
1984	36,9	
1985	38,7	
1986	36,1	
1987	33,6	
1988	35,5	
1989	35,8	
1990	36,5	
1991	35,1	
1992	35,4	
1993	34,0	
1994	37,0	
1995	35,3	
1996	32,4	
1997	32,9	
1998	34,5	
1999	33,0	
2000	34,6	
2001	33,6	
2002	34,2	
2003	33,5	
2004	30,8	
2005	31,2	
2006	30,8	
2007	29,3	
2008	34,0	
2009	30,5	
2010	29,4	
2011	29,9	
2012	30,5	
2013	26,4	
2014	26,3	
2015	29,4	
2016	29,0	
2017	27,4	
2018	29,8	
2019	25,8	
2020	30,6	
2021	28,8	
2022	26,5	
2023	26,4	
2024	26,2	
2025	32,0	
2026	26,2	
2027	22,3	
2028	26,1	
2029	22,2	
2030	21,1	
2031	24,1	
2032	24,4	
2033	19,5	
2034	23,3	
2035	20,3	
2036	18,5	
2037	20,2	
2038	19,8	
2039	21,3	
2040	18,1	
2041	20,1	
2042	18,8	
2043	16,8	
2044	18,4	
2045	17,1	
2046	15,5	
2047	21,4	
2048	17,9	
2049	16,3	
2050	17,6	
2051	18,6	
2052	18,2	
2053	15,0	
2054	17,8	
2055	14,6	
2056	14,2	
2057	14,6	
2058	21,6	
2059	13,7	
2060	14,6	
2061	12,5	
2062	14,1	
2063	14,6	
2064	13,1	
2065	12,2	
2066	13,4	
2067	11,2	
2068	12,9	
2069	10,9	
2070	11,1	
2071	10,1	
2072	9,0	
2073	9,3	
2074	10,1	
2075	8,4	
2076	8,9	
2077	8,3	
2078	7,4	
2079	12,4	
2080	6,6	
2081	7,4	
2082	11,2	
2083	6,0	
2084	6,1	
2085	6,6	
2086	7,0	
2087	5,0	
2088	4,6	
2089	4,6	
2090	4,9	
2091	3,8	
2092	2,5	
2093	4,2	
2094	3,8	
2095	2,3	
2096	2,7	
2097	2,2	
2098	3,3	
2099	0,3	
2100	2,2	
2101	2,8	
2102	1,4	
2103	1,3	
2104	0,3	
2105	-0,3	
2106	2,7	
2107	-0,5	
2108	-1,1	
2109	-0,8	
2110	1,3	
2111	0,7	
2112	-1,8	
2113	0,3	
2114	-0,5	
2115	0,0	
2116	-2,9	
2117	-0,5	
2118	-1,1	
2119	-1,2	
2120	3,0	
2121	-1,9	
2122	-1,9	
2123	-0,2	
2124	-2,4	
2125	-0,1	
2126	-3,0	
2127	-2,5	
2128	-3,0	
2129	-2,1	
2130	-5,2	
2131	-6,4	
2132	-3,5	
2133	-5,9	
2134	-5,5	
2135	-5,3	
2136	-5,2	
2137	-7,9	
2138	-6,1	
2139	-7,1	
2140	-7,1	
2141	-7,6	
2142	-6,6	
2143	-8,5	
2144	-9,0	
2145	-9,5	
2146	-7,9	
2147	-9,9	
2148	-6,9	
2149	-3,9	
2150	-10,8	
2151	-9,0	
2152	-6,5	
2153	-10,7	
2154	-9,7	
2155	-8,3	
2156	-7,1	
2157	-11,4	
2158	-10,6	
2159	-10,2	
2160	-7,2	
2161	-10,7	
2162	-11,3	
2163	-8,7	
2164	-8,4	
2165	-2,1	
2166	-11,4	
2167	-11,3	
2168	-11,1	
2169	-11,2	
2170	-13,4	
2171	-11,0	
2172	-10,7	
2173	-13,2	
2174	-11,3	
2175	-13,2	
2176	-14,3	
2177	-12,7	
2178	-13,2	
2179	-13,6	
2180	-13,0	
2181	-14,4	
2182	-12,5	
2183	-14,6	
2184	-12,4	
2185	-8,0	
2186	-13,5	
2187	-15,1	
2188	-16,2	
2189	-16,0	
2190	-18,0	
2191	-16,6	
2192	-16,4	
2193	-17,9	
2194	-18,5	
2195	-17,0	
2196	-19,0	
2197	-18,5	
2198	-18,2	
2199	-19,4	
2200	-17,5	
2201	-19,5	
2202	-19,8	
2203	-18,9	
2204	-19,6	
2205	-20,1	
2206	-19,1	
2207	-20,7	
2208	-20,1	
2209	-18,0	
2210	-22,4	
2211	-23,2	
2212	-22,1	
2213	-22,5	
2214	-17,3	
2215	-22,3	
2216	-24,1	
2217	-23,2	
2218	-24,3	
2219	-22,9	
2220	-19,8	
2221	-23,2	
2222	-23,3	
2223	-21,5	
2224	-21,7	
2225	-18,0	
2226	-20,6	
2227	-21,8	
2228	-23,2	
2229	-21,4	
2230	-22,7	
2231	-21,5	
2232	-23,1	
2233	-20,9	
2234	-21,7	
2235	-20,1	
2236	-21,9	
2237	-24,6	
2238	-23,9	
2239	-19,8	
2240	-21,5	
2241	-23,7	
2242	-22,7	
2243	-23,4	
2244	-23,9	
2245	-23,1	
2246	-22,1	
2247	-24,6	
2248	-22,8	
2249	-24,1	
2250	-24,2	
2251	-25,1	
2252	-25,1	
2253	-22,6	
2254	-26,0	
2255	-24,8	
2256	-25,9	
2257	-24,3	
2258	-26,2	
2259	-26,5	
2260	-27,4	
2261	-22,8	
2262	-27,1	
2263	-26,9	
2264	-27,1	
2265	-29,3	
2266	-28,3	
2267	-25,8	
2268	-28,5	
2269	-28,2	
2270	-28,7	
2271	-17,7	
2272	-28,7	
2273	-28,2	
2274	-29,7	
2275	-29,4	
2276	-25,6	
2277	-27,9	
2278	-22,1	
2279	-25,8	
2280	-29,6	
2281	-29,2	
2282	-28,6	
2283	-27,6	
2284	-28,3	
2285	-27,5	
2286	-25,7	
2287	-27,5	
2288	-26,7	
2289	-28,8	
2290	-27,4	
2291	-27,9	
2292	-24,4	
2293	-27,5	
2294	-28,7	
2295	-26,6	
2296	-21,9	
2297	-22,6	
2298	-28,5	
2299	-27,8	
2300	-28,2	
2301	-29,2	
2302	-26,1	
2303	-29,5	
2304	-30,0	
2305	-28,4	
2306	-31,3	
2307	-27,7	
2308	-29,7	
2309	-29,8	
2310	-28,7	
2311	-29,3	
2312	-27,6	
2313	-30,7	
2314	-28,9	
2315	-29,8	
2316	-30,2	
2317	-29,0	
2318	-32,2	
2319	-31,7	
2320	-33,3	
2321	-28,0	
2322	-27,8	
2323	-33,1	
2324	-28,2	
2325	-33,8	
2326	-30,2	
2327	-30,6	
2328	-26,1	
2329	-32,8	
2330	-31,4	
2331	-27,2	
2332	-31,9	
2333	-31,1	
2334	-28,8	
2335	-26,3	
2336	-29,4	
2337	-30,7	
2338	-32,6	
2339	-30,5	
2340	-30,0	
2341	-29,3	
2342	-28,9	
2343	-30,8	
2344	-29,4	
2345	-30,8	
2346	-30,4	
2347	-30,5	
2348	-31,4	
2349	-30,3	
2350	-31,3	
2351	-30,0	
2352	-30,6	
2353	-28,6	
2354	-27,9	
2355	-30,9	
2356	-29,9	
2357	-31,2	
2358	-32,3	
2359	-26,6	
2360	-31,1	
2361	-30,0	
2362	-29,0	
2363	-30,9	
2364	-28,7	
2365	-30,4	
2366	-29,6	
2367	-30,3	
2368	-32,7	
2369	-28,5	
2370	-30,4	
2371	-32,0	
2372	-31,5	
2373	-28,5	
2374	-29,0	
2375	-32,6	
2376	-32,1	
2377	-31,9	
2378	-33,4	
2379	-33,9	
2380	-31,8	
2381	-31,3	
2382	-33,2	
2383	-33,6	
2384	-33,0	
2385	-33,6	
2386	-33,4	
2387	-33,1	
2388	-33,4	
2389	-32,0	
2390	-32,2	
2391	-33,5	
2392	-32,8	
2393	-31,8	
2394	-31,1	
2395	-34,4	
2396	-33,9	
2397	-33,4	
2398	-33,1	
2399	-29,3	
2400	-33,6	
2401	-33,8	
2402	-32,9	
2403	-33,3	
2404	-33,4	
2405	-32,2	
2406	-32,9	
2407	-33,0	
2408	-33,8	
2409	-33,0	
2410	-32,8	
2411	-32,1	
2412	-31,8	
2413	-29,9	
2414	-31,8	
2415	-33,1	
2416	-31,0	
2417	-26,2	
2418	-31,1	
2419	-31,1	
2420	-25,3	
2421	-30,9	
2422	-31,0	
2423	-30,5	
2424	-31,0	
2425	-32,7	
2426	-32,7	
2427	-26,9	
2428	-30,7	
2429	-31,2	
2430	-28,7	
2431	-31,8	
2432	-31,1	
2433	-31,0	
2434	-32,3	
2435	-30,5	
2436	-31,6	
2437	-28,4	
2438	-31,5	
2439	-30,8	
2440	-32,4	
2441	-31,6	
2442	-33,2	
2443	-30,9	
2444	-30,3	
2445	-31,2	
2446	-30,5	
2447	-30,6	
2448	-25,4	
2449	-19,3	
2450	-27,1	
2451	-28,9	
2452	-30,1	
2453	-26,4	
2454	-25,9	
2455	-27,0	
2456	-29,7	
2457	-26,3	
2458	-29,1	
2459	-29,1	
2460	-26,5	
2461	-28,4	
2462	-24,3	
2463	-26,0	
2464	-26,7	
2465	-26,9	
2466	-27,1	
2467	-26,4	
2468	-27,0	
2469	-24,7	
2470	-25,1	
2471	-23,5	
2472	-26,5	
2473	-22,2	
2474	-26,0	
2475	-22,9	
2476	-24,1	
2477	-24,3	
2478	-24,8	
2479	-22,9	
2480	-23,4	
2481	-21,6	
2482	-24,0	
2483	-23,6	
2484	-22,2	
2485	-22,8	
2486	-23,0	
2487	-23,7	
2488	-21,2	
2489	-22,4	
2490	-19,4	
2491	-22,0	
2492	-22,3	
2493	-23,1	
2494	-21,1	
2495	-21,3	
2496	-21,7	
2497	-22,8	
2498	-20,6	
2499	-21,0	
2500	-22,5	
2501	-11,3	
2502	-21,0	
2503	-21,8	
2504	-20,3	
2505	-17,6	
2506	-18,3	
2507	-19,7	
2508	-12,2	
2509	-18,6	
2510	-19,4	
2511	-14,9	
2512	-10,8	
2513	-14,2	
2514	-14,3	
2515	-17,3	
2516	-15,7	
2517	-14,4	
2518	-15,6	
2519	-14,5	
2520	-11,2	
2521	-15,1	
2522	-14,3	
2523	-12,2	
2524	-14,9	
2525	-14,3	
2526	-14,7	
2527	-10,8	
2528	-11,7	
2529	-6,2	
2530	-12,4	
2531	-12,1	
2532	-10,3	
2533	-11,8	
2534	-9,8	
2535	-8,4	
2536	-8,9	
2537	-6,1	
2538	-7,8	
2539	-8,7	
2540	-5,0	
2541	-9,0	
2542	-0,7	
2543	-7,9	
2544	-7,0	
2545	-7,0	
2546	-7,1	
2547	-8,0	
2548	-3,2	
2549	-4,9	
2550	-2,2	
2551	-7,7	
2552	-5,3	
2553	-6,0	
2554	-8,4	
2555	-5,9	
2556	-6,9	
2557	-6,7	
2558	-4,3	
2559	-6,5	
2560	-1,1	
2561	0,1	
2562	-4,7	
2563	-3,7	
2564	-2,6	
2565	-3,2	
2566	-4,7	
2567	-4,4	
2568	-3,8	
2569	-3,8	
2570	-2,9	
2571	0,0	
2572	-3,7	
2573	-2,2	
2574	-2,0	
2575	0,3	
2576	-2,0	
2577	-1,1	
2578	1,5	
2579	0,2	
2580	-0,4	
2581	4,9	
2582	-0,1	
2583	-0,3	
2584	1,6	
2585	2,1	
2586	3,7	
2587	6,1	
2588	2,4	
2589	3,1	
2590	4,7	
2591	5,5	
