[HEADER]
H01=项目编号:
H02=项目注释:
H03=用户:
H04=测量日期:	21.04.2023
H05=测量时间:	15:55:08
H06=文件名称:	C:\Users\Test-02\Desktop\421HF\10左\file_02.dat
H07=车厢号码:
H08=轮副:
H09=轨道基本间距:	0
H10=轨迹偏移:	0
H11=测量点数:	2592
H12=测量:	好
H14=轮子:	L
H13=扩展注释:
[MeasurementData]
[mm] [µm]
0	0,0	
1	7,1	
2	2,3	
3	0,9	
4	1,1	
5	0,9	
6	3,5	
7	3,4	
8	2,0	
9	3,3	
10	6,5	
11	3,3	
12	5,3	
13	7,5	
14	5,0	
15	5,1	
16	6,6	
17	6,1	
18	5,2	
19	10,4	
20	6,1	
21	5,3	
22	4,4	
23	5,6	
24	7,3	
25	8,6	
26	6,6	
27	8,4	
28	6,3	
29	7,8	
30	8,2	
31	8,8	
32	9,0	
33	13,8	
34	10,3	
35	9,7	
36	9,5	
37	10,7	
38	11,4	
39	11,3	
40	13,6	
41	11,7	
42	12,6	
43	13,2	
44	13,1	
45	14,4	
46	17,1	
47	13,3	
48	13,7	
49	14,2	
50	14,7	
51	16,7	
52	15,9	
53	17,9	
54	16,4	
55	19,1	
56	18,5	
57	19,7	
58	21,9	
59	17,8	
60	19,9	
61	18,7	
62	20,6	
63	19,5	
64	20,5	
65	22,4	
66	20,3	
67	20,8	
68	22,9	
69	23,8	
70	22,4	
71	23,5	
72	25,5	
73	23,8	
74	23,8	
75	23,8	
76	24,6	
77	24,6	
78	24,3	
79	25,4	
80	24,1	
81	25,1	
82	26,6	
83	26,1	
84	26,8	
85	26,6	
86	29,6	
87	29,3	
88	32,0	
89	28,2	
90	28,6	
91	29,1	
92	29,7	
93	30,5	
94	32,4	
95	32,2	
96	31,7	
97	32,4	
98	33,3	
99	33,4	
100	39,4	
101	34,8	
102	34,5	
103	35,7	
104	36,0	
105	36,3	
106	37,8	
107	37,5	
108	37,0	
109	38,3	
110	37,4	
111	38,1	
112	40,6	
113	40,5	
114	39,2	
115	40,3	
116	40,9	
117	40,1	
118	41,3	
119	41,5	
120	41,0	
121	40,9	
122	42,7	
123	42,1	
124	42,9	
125	43,0	
126	47,3	
127	44,6	
128	45,2	
129	47,4	
130	44,5	
131	45,1	
132	45,9	
133	48,4	
134	46,1	
135	47,8	
136	47,2	
137	46,6	
138	47,6	
139	46,8	
140	48,3	
141	47,6	
142	49,7	
143	48,7	
144	52,5	
145	48,1	
146	55,9	
147	52,4	
148	51,2	
149	54,9	
150	51,6	
151	52,7	
152	52,7	
153	52,7	
154	55,1	
155	57,0	
156	58,0	
157	56,3	
158	57,1	
159	55,9	
160	59,4	
161	58,1	
162	60,1	
163	59,4	
164	58,9	
165	63,5	
166	59,5	
167	62,4	
168	60,1	
169	66,6	
170	61,3	
171	61,2	
172	61,4	
173	63,1	
174	64,5	
175	66,0	
176	64,0	
177	64,8	
178	65,4	
179	64,8	
180	66,9	
181	69,2	
182	76,4	
183	67,7	
184	68,3	
185	67,3	
186	68,7	
187	69,3	
188	69,9	
189	72,1	
190	70,8	
191	70,1	
192	72,4	
193	69,8	
194	70,6	
195	73,0	
196	72,3	
197	71,4	
198	73,4	
199	73,2	
200	73,0	
201	74,6	
202	76,0	
203	74,9	
204	76,2	
205	75,0	
206	75,4	
207	76,3	
208	78,6	
209	78,4	
210	78,6	
211	77,9	
212	78,5	
213	80,7	
214	79,9	
215	81,1	
216	82,4	
217	81,7	
218	84,1	
219	83,5	
220	84,4	
221	85,6	
222	84,0	
223	86,6	
224	84,1	
225	86,1	
226	87,4	
227	87,5	
228	89,9	
229	86,5	
230	87,1	
231	87,8	
232	88,4	
233	89,3	
234	90,0	
235	88,8	
236	88,2	
237	89,6	
238	96,6	
239	89,9	
240	90,1	
241	91,7	
242	92,8	
243	93,0	
244	92,6	
245	97,5	
246	92,9	
247	97,9	
248	94,0	
249	94,8	
250	96,4	
251	100,6	
252	94,2	
253	96,2	
254	95,8	
255	96,8	
256	95,3	
257	98,8	
258	97,6	
259	97,1	
260	98,8	
261	99,4	
262	98,4	
263	99,6	
264	99,9	
265	101,1	
266	101,1	
267	102,3	
268	101,8	
269	105,1	
270	107,1	
271	106,5	
272	107,2	
273	104,5	
274	111,7	
275	105,7	
276	110,0	
277	107,0	
278	107,8	
279	109,2	
280	111,0	
281	109,4	
282	107,6	
283	110,9	
284	111,8	
285	111,8	
286	111,1	
287	115,1	
288	115,6	
289	114,4	
290	115,0	
291	115,5	
292	115,5	
293	117,0	
294	119,3	
295	116,7	
296	118,6	
297	117,7	
298	118,1	
299	126,8	
300	119,1	
301	119,7	
302	120,2	
303	121,5	
304	121,8	
305	125,0	
306	123,1	
307	122,8	
308	125,2	
309	123,8	
310	123,4	
311	124,2	
312	123,9	
313	123,7	
314	124,5	
315	125,1	
316	126,2	
317	125,9	
318	127,3	
319	128,1	
320	130,0	
321	129,7	
322	130,2	
323	131,5	
324	133,1	
325	131,1	
326	132,9	
327	134,0	
328	136,6	
329	137,0	
330	136,4	
331	137,5	
332	136,4	
333	141,2	
334	137,0	
335	137,4	
336	138,2	
337	141,6	
338	138,1	
339	139,4	
340	144,0	
341	141,6	
342	140,9	
343	144,7	
344	143,5	
345	145,9	
346	145,2	
347	148,7	
348	144,7	
349	144,6	
350	147,6	
351	146,3	
352	146,1	
353	147,3	
354	147,3	
355	147,8	
356	148,3	
357	149,0	
358	154,2	
359	149,0	
360	148,4	
361	149,9	
362	150,0	
363	151,8	
364	152,7	
365	154,7	
366	153,4	
367	151,7	
368	154,3	
369	153,0	
370	152,6	
371	153,2	
372	154,4	
373	158,1	
374	153,3	
375	153,6	
376	155,2	
377	154,9	
378	157,2	
379	156,6	
380	157,3	
381	160,0	
382	158,4	
383	159,0	
384	163,7	
385	161,1	
386	163,7	
387	163,2	
388	163,0	
389	164,4	
390	166,6	
391	166,2	
392	166,6	
393	165,5	
394	166,2	
395	167,0	
396	168,4	
397	168,7	
398	169,2	
399	167,2	
400	168,3	
401	172,7	
402	170,9	
403	170,5	
404	172,3	
405	171,2	
406	171,2	
407	172,1	
408	175,7	
409	178,5	
410	175,4	
411	175,4	
412	175,7	
413	177,0	
414	177,3	
415	177,0	
416	177,1	
417	179,7	
418	178,0	
419	179,0	
420	179,7	
421	182,0	
422	180,8	
423	186,6	
424	183,8	
425	181,2	
426	181,4	
427	181,8	
428	182,6	
429	182,6	
430	185,0	
431	188,5	
432	187,4	
433	185,2	
434	186,1	
435	187,7	
436	186,4	
437	188,2	
438	188,9	
439	189,6	
440	189,3	
441	190,6	
442	191,7	
443	192,6	
444	193,8	
445	192,8	
446	194,0	
447	193,4	
448	192,7	
449	195,5	
450	195,2	
451	195,6	
452	194,6	
453	195,5	
454	197,0	
455	198,8	
456	197,5	
457	199,4	
458	199,6	
459	201,9	
460	201,6	
461	201,1	
462	201,2	
463	202,9	
464	202,3	
465	203,3	
466	203,5	
467	205,5	
468	205,0	
469	205,5	
470	205,6	
471	207,1	
472	207,8	
473	208,2	
474	207,5	
475	208,4	
476	209,5	
477	210,0	
478	209,8	
479	208,7	
480	209,6	
481	211,2	
482	209,5	
483	210,2	
484	212,1	
485	212,7	
486	212,5	
487	211,0	
488	212,0	
489	213,8	
490	214,6	
491	213,4	
492	214,9	
493	214,3	
494	215,0	
495	215,9	
496	216,3	
497	217,6	
498	220,1	
499	218,8	
500	218,5	
501	220,0	
502	220,8	
503	220,8	
504	221,3	
505	221,3	
506	221,3	
507	223,2	
508	223,7	
509	233,3	
510	225,5	
511	225,9	
512	227,4	
513	226,0	
514	227,0	
515	227,9	
516	228,2	
517	228,0	
518	228,9	
519	232,0	
520	230,0	
521	229,2	
522	229,6	
523	231,9	
524	231,0	
525	231,1	
526	231,3	
527	232,6	
528	232,3	
529	232,8	
530	233,3	
531	234,2	
532	234,7	
533	234,4	
534	235,1	
535	235,8	
536	234,7	
537	236,1	
538	235,7	
539	236,2	
540	235,8	
541	236,4	
542	236,7	
543	236,4	
544	237,2	
545	236,9	
546	238,8	
547	239,2	
548	238,3	
549	242,8	
550	240,2	
551	240,3	
552	242,3	
553	242,7	
554	242,9	
555	243,8	
556	245,0	
557	244,7	
558	245,0	
559	246,0	
560	246,4	
561	246,9	
562	246,5	
563	248,2	
564	248,9	
565	250,5	
566	248,9	
567	249,8	
568	249,8	
569	251,4	
570	251,5	
571	252,6	
572	253,7	
573	252,8	
574	255,0	
575	253,8	
576	255,6	
577	254,6	
578	255,3	
579	254,7	
580	257,4	
581	256,4	
582	257,6	
583	257,5	
584	257,2	
585	259,9	
586	258,9	
587	259,2	
588	259,9	
589	261,8	
590	261,4	
591	262,4	
592	261,5	
593	261,3	
594	263,1	
595	265,2	
596	264,1	
597	265,8	
598	263,0	
599	263,7	
600	263,4	
601	265,0	
602	264,4	
603	264,4	
604	263,6	
605	264,8	
606	265,8	
607	266,2	
608	265,6	
609	266,6	
610	267,6	
611	271,5	
612	268,8	
613	271,0	
614	270,4	
615	270,4	
616	272,2	
617	273,6	
618	271,8	
619	275,0	
620	277,2	
621	273,7	
622	275,9	
623	275,7	
624	274,9	
625	276,2	
626	276,2	
627	277,5	
628	280,0	
629	277,5	
630	279,0	
631	277,3	
632	278,3	
633	278,5	
634	279,1	
635	280,7	
636	280,7	
637	281,6	
638	279,5	
639	283,5	
640	282,4	
641	281,3	
642	284,8	
643	282,5	
644	284,1	
645	282,5	
646	283,0	
647	283,0	
648	284,4	
649	283,3	
650	283,9	
651	285,7	
652	285,1	
653	285,9	
654	285,5	
655	284,6	
656	287,0	
657	286,2	
658	286,6	
659	286,3	
660	286,3	
661	287,3	
662	287,4	
663	290,4	
664	288,5	
665	288,7	
666	288,7	
667	290,4	
668	295,1	
669	291,8	
670	291,2	
671	290,5	
672	294,1	
673	291,6	
674	292,5	
675	292,1	
676	292,5	
677	293,0	
678	292,6	
679	293,6	
680	292,9	
681	293,9	
682	295,5	
683	293,6	
684	293,9	
685	295,1	
686	295,1	
687	295,8	
688	295,9	
689	296,7	
690	297,4	
691	298,2	
692	297,4	
693	297,3	
694	298,8	
695	299,4	
696	299,4	
697	303,6	
698	300,5	
699	300,3	
700	301,5	
701	301,5	
702	302,4	
703	300,8	
704	302,5	
705	301,9	
706	304,1	
707	302,7	
708	301,2	
709	304,2	
710	303,9	
711	301,6	
712	303,2	
713	301,9	
714	301,7	
715	302,1	
716	303,5	
717	305,9	
718	304,4	
719	303,8	
720	306,1	
721	303,9	
722	305,7	
723	307,4	
724	307,0	
725	306,1	
726	306,3	
727	306,8	
728	309,6	
729	307,6	
730	307,9	
731	311,2	
732	309,6	
733	310,0	
734	309,4	
735	311,3	
736	312,7	
737	311,0	
738	311,6	
739	311,4	
740	314,8	
741	312,6	
742	315,0	
743	314,0	
744	313,6	
745	314,5	
746	313,4	
747	315,6	
748	313,2	
749	316,2	
750	313,3	
751	316,4	
752	315,3	
753	316,2	
754	316,0	
755	317,3	
756	317,4	
757	316,8	
758	320,3	
759	318,0	
760	317,2	
761	317,8	
762	318,9	
763	317,6	
764	318,7	
765	320,7	
766	320,7	
767	318,2	
768	320,8	
769	317,9	
770	317,8	
771	320,1	
772	317,9	
773	319,8	
774	319,0	
775	322,0	
776	321,3	
777	318,5	
778	319,3	
779	322,0	
780	320,6	
781	321,1	
782	320,8	
783	323,2	
784	319,6	
785	327,5	
786	320,5	
787	321,3	
788	321,4	
789	322,0	
790	323,7	
791	325,6	
792	323,5	
793	325,5	
794	325,2	
795	323,0	
796	325,2	
797	324,7	
798	324,3	
799	325,3	
800	325,0	
801	330,1	
802	324,3	
803	325,2	
804	324,5	
805	325,7	
806	326,7	
807	328,0	
808	325,2	
809	328,9	
810	327,0	
811	326,8	
812	326,8	
813	327,5	
814	327,3	
815	332,1	
816	326,1	
817	328,5	
818	326,9	
819	328,6	
820	326,6	
821	327,7	
822	328,3	
823	329,9	
824	326,9	
825	329,0	
826	328,6	
827	330,1	
828	327,6	
829	331,0	
830	326,6	
831	326,5	
832	328,2	
833	327,3	
834	326,8	
835	327,2	
836	331,4	
837	336,0	
838	326,9	
839	327,6	
840	324,3	
841	326,0	
842	329,1	
843	329,8	
844	328,3	
845	328,3	
846	327,5	
847	329,7	
848	328,2	
849	333,4	
850	330,0	
851	333,0	
852	329,3	
853	331,1	
854	331,9	
855	333,2	
856	334,1	
857	330,7	
858	328,9	
859	332,0	
860	330,5	
861	331,1	
862	332,7	
863	336,4	
864	330,2	
865	334,1	
866	333,7	
867	332,7	
868	335,4	
869	331,4	
870	332,9	
871	331,2	
872	330,5	
873	337,9	
874	331,7	
875	332,0	
876	330,2	
877	330,8	
878	330,3	
879	329,8	
880	330,5	
881	331,6	
882	329,1	
883	330,7	
884	329,1	
885	331,3	
886	330,3	
887	333,6	
888	329,2	
889	331,3	
890	330,6	
891	332,2	
892	330,8	
893	332,1	
894	330,0	
895	334,6	
896	331,0	
897	330,9	
898	332,9	
899	331,2	
900	331,0	
901	332,8	
902	331,5	
903	331,8	
904	334,3	
905	334,9	
906	332,0	
907	333,8	
908	343,2	
909	332,4	
910	332,0	
911	336,2	
912	333,9	
913	332,1	
914	333,5	
915	334,4	
916	334,8	
917	332,7	
918	335,0	
919	332,5	
920	333,4	
921	333,5	
922	331,8	
923	333,4	
924	334,4	
925	332,9	
926	334,8	
927	334,6	
928	332,0	
929	331,3	
930	334,2	
931	332,4	
932	333,8	
933	330,8	
934	332,1	
935	332,5	
936	333,8	
937	333,4	
938	332,0	
939	335,0	
940	331,7	
941	332,7	
942	331,5	
943	331,8	
944	330,9	
945	332,1	
946	330,9	
947	331,7	
948	329,8	
949	331,9	
950	330,9	
951	330,4	
952	331,1	
953	332,2	
954	331,2	
955	332,2	
956	331,7	
957	333,4	
958	332,1	
959	334,5	
960	330,0	
961	332,4	
962	331,0	
963	330,9	
964	331,4	
965	331,8	
966	332,3	
967	330,8	
968	331,3	
969	331,1	
970	329,3	
971	331,3	
972	330,7	
973	330,6	
974	329,5	
975	330,0	
976	329,1	
977	329,2	
978	330,1	
979	329,1	
980	327,5	
981	329,7	
982	330,1	
983	328,3	
984	329,1	
985	327,5	
986	330,9	
987	327,6	
988	329,9	
989	328,7	
990	331,1	
991	328,8	
992	329,3	
993	329,4	
994	328,1	
995	328,3	
996	328,7	
997	328,2	
998	330,2	
999	328,2	
1000	328,7	
1001	327,8	
1002	328,1	
1003	327,8	
1004	326,8	
1005	327,2	
1006	328,4	
1007	329,4	
1008	328,6	
1009	328,4	
1010	330,7	
1011	329,2	
1012	328,6	
1013	328,8	
1014	331,6	
1015	327,4	
1016	329,3	
1017	327,6	
1018	327,7	
1019	328,8	
1020	327,0	
1021	327,7	
1022	326,7	
1023	325,8	
1024	332,5	
1025	329,3	
1026	327,3	
1027	328,9	
1028	327,0	
1029	326,6	
1030	325,9	
1031	329,2	
1032	326,6	
1033	325,5	
1034	326,6	
1035	327,5	
1036	324,1	
1037	324,3	
1038	324,5	
1039	325,6	
1040	329,9	
1041	327,8	
1042	327,0	
1043	322,5	
1044	323,1	
1045	324,2	
1046	325,8	
1047	325,0	
1048	326,8	
1049	323,1	
1050	323,6	
1051	324,1	
1052	321,9	
1053	321,6	
1054	320,9	
1055	322,0	
1056	330,3	
1057	323,3	
1058	322,9	
1059	325,7	
1060	320,1	
1061	321,9	
1062	320,4	
1063	321,8	
1064	328,6	
1065	324,6	
1066	321,6	
1067	324,4	
1068	321,0	
1069	324,9	
1070	319,8	
1071	322,9	
1072	322,9	
1073	322,0	
1074	322,2	
1075	324,2	
1076	320,9	
1077	323,3	
1078	323,2	
1079	327,1	
1080	322,2	
1081	321,8	
1082	323,8	
1083	321,0	
1084	318,6	
1085	320,3	
1086	319,5	
1087	319,5	
1088	317,8	
1089	318,8	
1090	317,8	
1091	317,2	
1092	318,9	
1093	320,4	
1094	317,2	
1095	317,0	
1096	315,6	
1097	318,7	
1098	319,7	
1099	316,0	
1100	316,9	
1101	318,3	
1102	315,4	
1103	316,8	
1104	314,1	
1105	314,0	
1106	317,1	
1107	315,4	
1108	316,3	
1109	321,2	
1110	314,7	
1111	315,5	
1112	316,9	
1113	312,3	
1114	313,2	
1115	311,9	
1116	311,6	
1117	312,2	
1118	311,8	
1119	310,0	
1120	312,5	
1121	311,2	
1122	314,3	
1123	310,8	
1124	314,6	
1125	310,5	
1126	313,1	
1127	310,8	
1128	309,9	
1129	311,9	
1130	311,1	
1131	317,1	
1132	311,2	
1133	311,0	
1134	313,2	
1135	310,3	
1136	309,9	
1137	310,5	
1138	310,0	
1139	316,5	
1140	308,5	
1141	306,7	
1142	310,7	
1143	308,5	
1144	309,4	
1145	308,9	
1146	310,3	
1147	308,4	
1148	306,3	
1149	308,5	
1150	306,8	
1151	307,1	
1152	304,7	
1153	304,9	
1154	310,1	
1155	310,8	
1156	306,4	
1157	310,0	
1158	307,0	
1159	306,8	
1160	304,6	
1161	309,2	
1162	307,6	
1163	305,2	
1164	303,3	
1165	311,0	
1166	311,1	
1167	305,3	
1168	307,3	
1169	305,6	
1170	304,1	
1171	300,9	
1172	302,3	
1173	300,9	
1174	301,4	
1175	301,7	
1176	302,6	
1177	301,9	
1178	301,1	
1179	299,4	
1180	301,4	
1181	301,1	
1182	299,6	
1183	301,3	
1184	300,0	
1185	300,7	
1186	300,0	
1187	301,8	
1188	302,3	
1189	304,4	
1190	298,2	
1191	301,4	
1192	299,6	
1193	297,5	
1194	300,5	
1195	298,2	
1196	300,2	
1197	300,1	
1198	300,2	
1199	297,7	
1200	299,2	
1201	295,4	
1202	297,5	
1203	293,9	
1204	295,9	
1205	293,9	
1206	293,7	
1207	293,3	
1208	293,0	
1209	292,9	
1210	294,2	
1211	294,2	
1212	295,3	
1213	297,0	
1214	294,5	
1215	292,9	
1216	292,8	
1217	293,0	
1218	295,3	
1219	291,7	
1220	291,4	
1221	296,7	
1222	294,8	
1223	291,6	
1224	291,5	
1225	294,1	
1226	288,9	
1227	289,7	
1228	293,8	
1229	289,9	
1230	291,0	
1231	291,1	
1232	289,0	
1233	288,2	
1234	288,3	
1235	288,3	
1236	289,1	
1237	288,2	
1238	288,9	
1239	288,0	
1240	288,7	
1241	289,4	
1242	287,0	
1243	289,1	
1244	286,8	
1245	286,7	
1246	289,5	
1247	286,7	
1248	287,8	
1249	288,2	
1250	287,3	
1251	285,4	
1252	285,6	
1253	288,4	
1254	284,3	
1255	286,6	
1256	287,1	
1257	284,3	
1258	282,5	
1259	285,2	
1260	282,7	
1261	282,3	
1262	284,0	
1263	281,0	
1264	281,7	
1265	280,7	
1266	290,0	
1267	279,7	
1268	283,1	
1269	281,5	
1270	281,5	
1271	278,6	
1272	279,3	
1273	283,2	
1274	279,3	
1275	279,8	
1276	280,1	
1277	277,9	
1278	278,6	
1279	279,9	
1280	280,6	
1281	276,0	
1282	276,4	
1283	276,7	
1284	274,7	
1285	272,7	
1286	273,5	
1287	272,9	
1288	274,4	
1289	273,9	
1290	274,8	
1291	273,8	
1292	274,1	
1293	276,4	
1294	276,2	
1295	271,3	
1296	272,2	
1297	271,1	
1298	270,2	
1299	270,4	
1300	271,2	
1301	271,5	
1302	273,1	
1303	272,7	
1304	272,4	
1305	271,8	
1306	270,5	
1307	271,1	
1308	270,1	
1309	269,3	
1310	269,0	
1311	270,6	
1312	270,6	
1313	268,5	
1314	267,6	
1315	265,7	
1316	265,7	
1317	265,5	
1318	266,2	
1319	267,2	
1320	264,4	
1321	264,2	
1322	265,5	
1323	263,5	
1324	264,3	
1325	263,1	
1326	263,5	
1327	264,6	
1328	263,5	
1329	263,4	
1330	262,9	
1331	264,1	
1332	263,8	
1333	266,2	
1334	261,3	
1335	261,3	
1336	261,5	
1337	261,0	
1338	262,9	
1339	261,9	
1340	261,2	
1341	257,4	
1342	259,1	
1343	258,4	
1344	260,8	
1345	256,3	
1346	255,8	
1347	254,9	
1348	258,9	
1349	253,7	
1350	254,1	
1351	256,5	
1352	254,2	
1353	255,4	
1354	255,6	
1355	259,0	
1356	255,1	
1357	255,5	
1358	254,2	
1359	254,3	
1360	252,7	
1361	252,6	
1362	253,2	
1363	254,5	
1364	253,8	
1365	255,1	
1366	251,9	
1367	251,8	
1368	252,2	
1369	251,5	
1370	257,8	
1371	253,0	
1372	250,8	
1373	249,9	
1374	251,6	
1375	250,3	
1376	249,7	
1377	249,0	
1378	249,1	
1379	247,1	
1380	247,4	
1381	252,1	
1382	248,2	
1383	248,1	
1384	245,3	
1385	246,0	
1386	246,2	
1387	244,9	
1388	247,3	
1389	244,2	
1390	245,1	
1391	245,2	
1392	247,9	
1393	244,4	
1394	243,5	
1395	243,9	
1396	249,6	
1397	242,9	
1398	242,7	
1399	242,4	
1400	241,7	
1401	242,9	
1402	242,0	
1403	240,9	
1404	241,5	
1405	239,4	
1406	238,6	
1407	238,6	
1408	238,5	
1409	237,4	
1410	236,7	
1411	237,2	
1412	237,9	
1413	236,6	
1414	239,1	
1415	236,7	
1416	236,9	
1417	241,8	
1418	236,4	
1419	236,6	
1420	235,2	
1421	240,3	
1422	235,1	
1423	234,5	
1424	236,0	
1425	236,0	
1426	232,8	
1427	234,2	
1428	233,9	
1429	233,3	
1430	232,0	
1431	231,0	
1432	230,4	
1433	230,6	
1434	228,7	
1435	228,4	
1436	229,8	
1437	228,4	
1438	230,3	
1439	229,7	
1440	224,9	
1441	227,9	
1442	231,7	
1443	226,8	
1444	224,3	
1445	226,7	
1446	226,2	
1447	222,9	
1448	224,2	
1449	224,3	
1450	224,0	
1451	224,6	
1452	224,0	
1453	223,5	
1454	223,2	
1455	222,4	
1456	222,8	
1457	224,0	
1458	223,3	
1459	222,2	
1460	222,3	
1461	221,5	
1462	219,3	
1463	221,4	
1464	220,5	
1465	223,6	
1466	219,5	
1467	219,2	
1468	218,9	
1469	218,5	
1470	221,1	
1471	218,3	
1472	219,4	
1473	217,8	
1474	217,9	
1475	220,5	
1476	217,3	
1477	217,2	
1478	216,6	
1479	216,0	
1480	217,5	
1481	214,2	
1482	214,5	
1483	217,2	
1484	214,6	
1485	212,3	
1486	217,8	
1487	212,2	
1488	214,9	
1489	213,9	
1490	212,9	
1491	210,7	
1492	211,1	
1493	210,0	
1494	209,5	
1495	210,6	
1496	208,3	
1497	209,0	
1498	209,7	
1499	208,2	
1500	208,3	
1501	209,8	
1502	208,0	
1503	206,6	
1504	205,8	
1505	205,8	
1506	205,3	
1507	206,9	
1508	204,7	
1509	205,0	
1510	206,4	
1511	203,6	
1512	204,1	
1513	204,7	
1514	207,2	
1515	206,2	
1516	202,6	
1517	208,4	
1518	202,7	
1519	202,5	
1520	203,0	
1521	201,4	
1522	204,5	
1523	204,9	
1524	201,2	
1525	201,2	
1526	199,7	
1527	202,6	
1528	199,3	
1529	198,8	
1530	199,5	
1531	200,4	
1532	196,6	
1533	197,9	
1534	198,2	
1535	198,4	
1536	197,7	
1537	198,2	
1538	196,5	
1539	195,4	
1540	196,3	
1541	194,8	
1542	198,5	
1543	192,8	
1544	194,9	
1545	193,7	
1546	192,4	
1547	195,5	
1548	192,0	
1549	191,5	
1550	188,9	
1551	192,1	
1552	190,3	
1553	190,1	
1554	188,7	
1555	187,3	
1556	188,7	
1557	192,1	
1558	186,4	
1559	187,1	
1560	187,4	
1561	186,9	
1562	184,5	
1563	184,2	
1564	188,7	
1565	184,9	
1566	183,8	
1567	183,7	
1568	184,6	
1569	184,0	
1570	183,0	
1571	183,6	
1572	188,6	
1573	181,7	
1574	181,3	
1575	181,2	
1576	179,3	
1577	182,8	
1578	180,6	
1579	178,0	
1580	178,7	
1581	179,2	
1582	177,8	
1583	180,6	
1584	177,5	
1585	181,7	
1586	178,7	
1587	176,5	
1588	176,4	
1589	175,5	
1590	174,4	
1591	174,9	
1592	179,3	
1593	173,5	
1594	175,0	
1595	174,1	
1596	174,7	
1597	173,5	
1598	173,9	
1599	174,1	
1600	171,6	
1601	173,2	
1602	170,9	
1603	172,1	
1604	171,1	
1605	171,0	
1606	169,4	
1607	168,1	
1608	169,1	
1609	169,8	
1610	167,2	
1611	166,9	
1612	170,7	
1613	164,0	
1614	171,1	
1615	165,5	
1616	166,1	
1617	163,8	
1618	165,5	
1619	163,2	
1620	165,9	
1621	162,4	
1622	163,0	
1623	163,3	
1624	163,3	
1625	166,1	
1626	171,2	
1627	163,1	
1628	162,2	
1629	161,0	
1630	161,5	
1631	161,9	
1632	163,4	
1633	160,6	
1634	161,7	
1635	161,7	
1636	158,6	
1637	159,9	
1638	157,0	
1639	157,4	
1640	154,9	
1641	158,2	
1642	154,9	
1643	155,0	
1644	154,3	
1645	155,4	
1646	154,9	
1647	156,1	
1648	154,0	
1649	154,5	
1650	154,0	
1651	156,0	
1652	154,6	
1653	154,8	
1654	152,0	
1655	155,4	
1656	152,0	
1657	151,6	
1658	151,5	
1659	151,8	
1660	151,2	
1661	156,3	
1662	150,1	
1663	151,3	
1664	149,5	
1665	149,5	
1666	147,9	
1667	148,4	
1668	148,2	
1669	146,4	
1670	145,3	
1671	148,3	
1672	146,2	
1673	160,0	
1674	174,2	
1675	144,6	
1676	144,5	
1677	142,0	
1678	144,1	
1679	144,7	
1680	142,7	
1681	142,3	
1682	147,4	
1683	142,6	
1684	141,2	
1685	140,0	
1686	140,9	
1687	141,7	
1688	141,1	
1689	141,8	
1690	139,1	
1691	139,3	
1692	138,5	
1693	137,0	
1694	136,9	
1695	136,7	
1696	135,1	
1697	134,2	
1698	135,6	
1699	134,0	
1700	137,0	
1701	134,6	
1702	134,5	
1703	133,5	
1704	135,0	
1705	133,8	
1706	134,0	
1707	131,9	
1708	130,8	
1709	131,2	
1710	132,3	
1711	131,3	
1712	131,0	
1713	129,4	
1714	130,2	
1715	129,1	
1716	128,6	
1717	129,9	
1718	127,6	
1719	127,5	
1720	127,1	
1721	126,7	
1722	126,2	
1723	125,8	
1724	123,7	
1725	125,7	
1726	124,2	
1727	124,3	
1728	124,3	
1729	124,4	
1730	122,7	
1731	123,4	
1732	125,6	
1733	122,5	
1734	122,1	
1735	123,5	
1736	122,1	
1737	120,6	
1738	121,6	
1739	122,3	
1740	121,9	
1741	125,6	
1742	123,0	
1743	121,9	
1744	120,1	
1745	120,7	
1746	120,7	
1747	120,9	
1748	118,1	
1749	115,8	
1750	116,4	
1751	119,4	
1752	116,9	
1753	114,8	
1754	117,0	
1755	116,8	
1756	114,8	
1757	114,4	
1758	115,6	
1759	114,2	
1760	113,1	
1761	114,6	
1762	115,1	
1763	112,0	
1764	111,9	
1765	113,2	
1766	111,2	
1767	109,5	
1768	112,9	
1769	111,6	
1770	113,6	
1771	109,3	
1772	111,7	
1773	108,8	
1774	108,6	
1775	107,0	
1776	109,6	
1777	107,2	
1778	106,3	
1779	105,3	
1780	106,3	
1781	107,8	
1782	104,8	
1783	108,7	
1784	104,2	
1785	104,6	
1786	103,9	
1787	102,1	
1788	104,5	
1789	103,3	
1790	102,4	
1791	102,6	
1792	102,3	
1793	102,2	
1794	103,4	
1795	102,1	
1796	99,5	
1797	100,7	
1798	100,4	
1799	98,0	
1800	97,5	
1801	98,8	
1802	102,5	
1803	99,4	
1804	99,3	
1805	97,7	
1806	96,5	
1807	96,7	
1808	95,8	
1809	95,5	
1810	96,6	
1811	94,3	
1812	94,9	
1813	93,8	
1814	94,9	
1815	91,7	
1816	93,0	
1817	93,4	
1818	91,4	
1819	91,3	
1820	95,8	
1821	89,5	
1822	93,0	
1823	92,7	
1824	91,3	
1825	91,4	
1826	88,4	
1827	90,2	
1828	87,1	
1829	90,1	
1830	87,2	
1831	86,5	
1832	86,3	
1833	86,4	
1834	83,4	
1835	83,8	
1836	83,0	
1837	84,4	
1838	81,8	
1839	82,4	
1840	82,6	
1841	82,2	
1842	84,5	
1843	81,7	
1844	79,7	
1845	81,1	
1846	79,2	
1847	80,2	
1848	78,2	
1849	77,3	
1850	77,6	
1851	80,2	
1852	78,7	
1853	76,8	
1854	77,9	
1855	82,0	
1856	77,2	
1857	76,9	
1858	75,3	
1859	75,1	
1860	81,8	
1861	73,1	
1862	74,4	
1863	74,5	
1864	72,2	
1865	71,4	
1866	70,3	
1867	72,3	
1868	70,1	
1869	70,7	
1870	72,4	
1871	69,1	
1872	69,4	
1873	70,9	
1874	70,1	
1875	66,9	
1876	69,8	
1877	67,8	
1878	68,5	
1879	70,0	
1880	65,6	
1881	68,8	
1882	66,4	
1883	66,0	
1884	70,4	
1885	65,4	
1886	64,8	
1887	68,9	
1888	64,7	
1889	67,2	
1890	63,5	
1891	61,8	
1892	62,6	
1893	63,2	
1894	61,9	
1895	62,7	
1896	62,0	
1897	62,8	
1898	60,2	
1899	59,5	
1900	63,1	
1901	59,1	
1902	59,5	
1903	58,0	
1904	58,4	
1905	58,4	
1906	56,5	
1907	56,5	
1908	55,0	
1909	58,6	
1910	56,1	
1911	60,0	
1912	55,6	
1913	56,9	
1914	55,0	
1915	53,8	
1916	55,2	
1917	59,1	
1918	53,1	
1919	52,5	
1920	52,8	
1921	53,1	
1922	50,9	
1923	51,9	
1924	52,9	
1925	51,9	
1926	49,5	
1927	51,7	
1928	49,0	
1929	49,2	
1930	47,3	
1931	49,4	
1932	51,9	
1933	50,0	
1934	49,3	
1935	50,4	
1936	50,9	
1937	46,0	
1938	53,4	
1939	48,0	
1940	47,7	
1941	45,9	
1942	46,8	
1943	46,5	
1944	53,2	
1945	44,1	
1946	51,6	
1947	45,2	
1948	43,9	
1949	42,4	
1950	43,5	
1951	42,5	
1952	44,2	
1953	41,8	
1954	41,5	
1955	41,9	
1956	41,7	
1957	41,2	
1958	45,6	
1959	39,2	
1960	39,0	
1961	39,1	
1962	37,5	
1963	38,6	
1964	39,0	
1965	37,0	
1966	37,3	
1967	40,2	
1968	36,0	
1969	37,1	
1970	37,5	
1971	36,1	
1972	36,3	
1973	34,5	
1974	37,0	
1975	35,1	
1976	34,1	
1977	35,1	
1978	32,0	
1979	31,1	
1980	33,7	
1981	33,1	
1982	31,5	
1983	32,4	
1984	30,9	
1985	32,4	
1986	31,2	
1987	30,0	
1988	28,4	
1989	28,2	
1990	28,6	
1991	29,4	
1992	30,4	
1993	29,5	
1994	30,6	
1995	36,0	
1996	27,0	
1997	27,6	
1998	28,0	
1999	27,8	
2000	30,3	
2001	28,4	
2002	27,2	
2003	26,5	
2004	26,8	
2005	25,9	
2006	27,0	
2007	25,5	
2008	35,5	
2009	25,1	
2010	24,4	
2011	24,0	
2012	24,6	
2013	23,3	
2014	23,4	
2015	25,9	
2016	22,9	
2017	21,2	
2018	22,3	
2019	20,6	
2020	22,4	
2021	20,2	
2022	22,5	
2023	19,7	
2024	19,1	
2025	21,8	
2026	20,0	
2027	17,7	
2028	17,3	
2029	17,8	
2030	18,4	
2031	18,6	
2032	16,8	
2033	18,0	
2034	17,3	
2035	18,2	
2036	15,6	
2037	15,5	
2038	14,1	
2039	21,8	
2040	14,1	
2041	14,9	
2042	13,1	
2043	15,5	
2044	13,8	
2045	11,9	
2046	13,7	
2047	15,9	
2048	13,2	
2049	14,6	
2050	12,8	
2051	11,6	
2052	11,7	
2053	12,7	
2054	11,7	
2055	10,3	
2056	10,0	
2057	9,1	
2058	20,1	
2059	9,4	
2060	9,3	
2061	8,5	
2062	7,7	
2063	10,1	
2064	9,0	
2065	7,5	
2066	9,2	
2067	7,0	
2068	6,7	
2069	6,7	
2070	6,7	
2071	5,9	
2072	4,0	
2073	5,2	
2074	5,9	
2075	3,6	
2076	4,2	
2077	2,4	
2078	3,1	
2079	5,8	
2080	2,3	
2081	3,5	
2082	7,5	
2083	1,6	
2084	0,9	
2085	1,8	
2086	1,9	
2087	0,5	
2088	-0,2	
2089	-0,1	
2090	0,5	
2091	-0,2	
2092	-0,9	
2093	0,6	
2094	-0,6	
2095	-2,4	
2096	-2,0	
2097	-2,9	
2098	-1,3	
2099	-3,9	
2100	-2,3	
2101	-2,6	
2102	-3,5	
2103	-3,0	
2104	-4,8	
2105	-5,0	
2106	-4,0	
2107	-5,5	
2108	-5,5	
2109	-5,4	
2110	-3,0	
2111	-3,2	
2112	-5,6	
2113	-4,9	
2114	-4,7	
2115	-4,9	
2116	-7,2	
2117	-4,4	
2118	-5,7	
2119	-6,1	
2120	-3,3	
2121	-5,5	
2122	-6,3	
2123	-4,3	
2124	-7,1	
2125	-5,1	
2126	-7,7	
2127	-6,3	
2128	-8,3	
2129	-6,0	
2130	-8,7	
2131	-9,8	
2132	-9,4	
2133	-9,8	
2134	-8,6	
2135	-9,6	
2136	-9,9	
2137	-10,3	
2138	-9,0	
2139	-11,0	
2140	-8,2	
2141	-10,4	
2142	-12,6	
2143	-13,0	
2144	-12,7	
2145	-13,4	
2146	-13,1	
2147	-14,2	
2148	-11,8	
2149	-14,1	
2150	-14,7	
2151	-13,2	
2152	-15,7	
2153	-15,3	
2154	-13,9	
2155	-15,0	
2156	-12,1	
2157	-16,2	
2158	-17,6	
2159	-15,6	
2160	-15,4	
2161	-17,6	
2162	-14,1	
2163	-17,0	
2164	-17,8	
2165	-17,0	
2166	-17,5	
2167	-17,4	
2168	-17,9	
2169	-19,0	
2170	-18,8	
2171	-19,2	
2172	-18,0	
2173	-15,3	
2174	-18,5	
2175	-18,8	
2176	-16,8	
2177	-17,7	
2178	-19,4	
2179	-20,0	
2180	-19,2	
2181	-20,3	
2182	-13,2	
2183	-19,8	
2184	-19,7	
2185	-17,8	
2186	-19,6	
2187	-22,4	
2188	-21,6	
2189	-22,0	
2190	-21,1	
2191	-21,9	
2192	-21,4	
2193	-22,7	
2194	-23,1	
2195	-23,4	
2196	-19,9	
2197	-24,4	
2198	-24,1	
2199	-24,2	
2200	-22,7	
2201	-23,2	
2202	-23,4	
2203	-25,7	
2204	-23,8	
2205	-25,0	
2206	-24,8	
2207	-26,3	
2208	-25,7	
2209	-27,1	
2210	-26,6	
2211	-25,9	
2212	-27,4	
2213	-28,6	
2214	-27,6	
2215	-26,2	
2216	-28,2	
2217	-25,3	
2218	-29,4	
2219	-18,7	
2220	-15,9	
2221	-24,3	
2222	-24,8	
2223	-27,9	
2224	-26,9	
2225	-25,5	
2226	-25,0	
2227	-27,2	
2228	-29,0	
2229	-28,4	
2230	-28,2	
2231	-23,2	
2232	-29,7	
2233	-26,4	
2234	-26,7	
2235	-28,0	
2236	-23,1	
2237	-27,8	
2238	-27,9	
2239	-26,3	
2240	-30,7	
2241	-28,2	
2242	-29,5	
2243	-29,6	
2244	-28,5	
2245	-28,7	
2246	-29,5	
2247	-29,2	
2248	-28,6	
2249	-29,8	
2250	-30,1	
2251	-27,3	
2252	-31,9	
2253	-29,8	
2254	-29,7	
2255	-31,0	
2256	-30,4	
2257	-30,7	
2258	-32,0	
2259	-32,0	
2260	-29,8	
2261	-25,3	
2262	-30,1	
2263	-32,5	
2264	-31,9	
2265	-32,3	
2266	-32,6	
2267	-31,8	
2268	-32,7	
2269	-33,7	
2270	-31,6	
2271	-24,3	
2272	-32,3	
2273	-33,7	
2274	-35,0	
2275	-35,2	
2276	-30,6	
2277	-32,2	
2278	-23,1	
2279	-31,6	
2280	-33,8	
2281	-33,8	
2282	-33,5	
2283	-31,8	
2284	-34,0	
2285	-31,8	
2286	-30,5	
2287	-31,4	
2288	-31,1	
2289	-33,2	
2290	-33,1	
2291	-31,5	
2292	-27,5	
2293	-32,0	
2294	-33,2	
2295	-29,5	
2296	-25,9	
2297	-24,5	
2298	-32,4	
2299	-33,0	
2300	-32,3	
2301	-33,6	
2302	-30,7	
2303	-33,3	
2304	-35,3	
2305	-32,2	
2306	-34,3	
2307	-30,1	
2308	-34,2	
2309	-33,7	
2310	-35,1	
2311	-33,8	
2312	-33,3	
2313	-33,2	
2314	-34,1	
2315	-32,8	
2316	-34,2	
2317	-33,4	
2318	-35,5	
2319	-36,0	
2320	-37,5	
2321	-34,2	
2322	-34,4	
2323	-37,2	
2324	-32,6	
2325	-36,3	
2326	-35,4	
2327	-36,2	
2328	-33,3	
2329	-36,7	
2330	-35,6	
2331	-31,5	
2332	-37,0	
2333	-36,1	
2334	-36,1	
2335	-32,3	
2336	-34,6	
2337	-34,3	
2338	-36,1	
2339	-38,3	
2340	-36,5	
2341	-35,6	
2342	-31,9	
2343	-35,1	
2344	-35,7	
2345	-33,0	
2346	-35,2	
2347	-35,1	
2348	-34,9	
2349	-33,8	
2350	-35,6	
2351	-34,1	
2352	-30,0	
2353	-35,0	
2354	-34,3	
2355	-31,2	
2356	-34,8	
2357	-35,8	
2358	-32,3	
2359	-31,6	
2360	-35,0	
2361	-33,6	
2362	-35,5	
2363	-33,7	
2364	-34,0	
2365	-35,4	
2366	-26,2	
2367	-36,9	
2368	-36,2	
2369	-34,4	
2370	-34,3	
2371	-37,4	
2372	-36,0	
2373	-37,2	
2374	-35,2	
2375	-38,0	
2376	-38,4	
2377	-35,8	
2378	-37,4	
2379	-38,3	
2380	-37,6	
2381	-40,1	
2382	-38,5	
2383	-39,1	
2384	-38,8	
2385	-38,3	
2386	-39,1	
2387	-36,7	
2388	-39,0	
2389	-38,3	
2390	-39,2	
2391	-37,5	
2392	-37,9	
2393	-38,6	
2394	-36,4	
2395	-36,3	
2396	-37,8	
2397	-37,1	
2398	-38,3	
2399	-35,3	
2400	-38,0	
2401	-38,5	
2402	-34,8	
2403	-37,3	
2404	-36,7	
2405	-37,6	
2406	-37,7	
2407	-37,7	
2408	-37,3	
2409	-37,4	
2410	-37,9	
2411	-35,8	
2412	-37,4	
2413	-35,5	
2414	-32,6	
2415	-35,4	
2416	-35,4	
2417	-34,5	
2418	-35,1	
2419	-36,0	
2420	-32,0	
2421	-35,8	
2422	-34,3	
2423	-35,8	
2424	-35,8	
2425	-35,4	
2426	-36,6	
2427	-31,5	
2428	-32,8	
2429	-36,2	
2430	-34,8	
2431	-34,8	
2432	-35,8	
2433	-36,0	
2434	-37,1	
2435	-32,5	
2436	-34,4	
2437	-30,1	
2438	-34,5	
2439	-35,3	
2440	-35,7	
2441	-35,6	
2442	-35,9	
2443	-34,7	
2444	-34,1	
2445	-35,0	
2446	-34,8	
2447	-35,0	
2448	-28,2	
2449	-23,1	
2450	-31,5	
2451	-33,2	
2452	-33,9	
2453	-30,1	
2454	-28,8	
2455	-32,6	
2456	-33,1	
2457	-30,2	
2458	-32,6	
2459	-32,4	
2460	-29,6	
2461	-31,8	
2462	-27,9	
2463	-29,2	
2464	-29,9	
2465	-30,1	
2466	-30,1	
2467	-29,1	
2468	-30,2	
2469	-28,5	
2470	-28,0	
2471	-27,6	
2472	-30,0	
2473	-25,2	
2474	-28,8	
2475	-25,9	
2476	-26,8	
2477	-28,2	
2478	-27,6	
2479	-26,1	
2480	-26,0	
2481	-27,3	
2482	-27,1	
2483	-27,9	
2484	-25,9	
2485	-25,4	
2486	-26,6	
2487	-26,8	
2488	-27,1	
2489	-27,7	
2490	-24,3	
2491	-26,8	
2492	-26,1	
2493	-26,0	
2494	-25,4	
2495	-19,8	
2496	-25,6	
2497	-26,7	
2498	-24,7	
2499	-23,1	
2500	-27,5	
2501	-21,8	
2502	-24,6	
2503	-24,5	
2504	-25,4	
2505	-23,2	
2506	-24,8	
2507	-23,6	
2508	-21,2	
2509	-23,8	
2510	-23,3	
2511	-22,7	
2512	-20,9	
2513	-21,0	
2514	-18,4	
2515	-22,1	
2516	-21,0	
2517	-19,0	
2518	-21,3	
2519	-20,0	
2520	-19,3	
2521	-17,5	
2522	-19,3	
2523	-19,4	
2524	-19,6	
2525	-17,2	
2526	-13,2	
2527	-16,0	
2528	-14,9	
2529	-17,0	
2530	-16,6	
2531	-15,7	
2532	-6,8	
2533	-14,1	
2534	-12,0	
2535	-15,1	
2536	-14,9	
2537	-13,4	
2538	-12,5	
2539	-12,4	
2540	-12,0	
2541	-11,6	
2542	-7,0	
2543	-12,1	
2544	-9,1	
2545	-10,4	
2546	-12,6	
2547	-11,0	
2548	-1,8	
2549	-11,8	
2550	-7,2	
2551	-10,2	
2552	-10,1	
2553	-7,9	
2554	-8,2	
2555	-9,1	
2556	-10,9	
2557	-11,1	
2558	-10,4	
2559	-10,1	
2560	-5,3	
2561	-9,0	
2562	-9,8	
2563	-8,1	
2564	-7,0	
2565	-6,0	
2566	-7,8	
2567	-6,4	
2568	-4,7	
2569	-6,5	
2570	-6,2	
2571	-3,5	
2572	-3,6	
2573	-4,3	
2574	-4,6	
2575	-5,3	
2576	-4,6	
2577	-2,1	
2578	-3,8	
2579	-3,0	
2580	-0,1	
2581	1,6	
2582	1,3	
2583	-0,2	
2584	-0,8	
2585	-2,5	
2586	2,9	
2587	1,6	
2588	-0,1	
2589	0,4	
2590	-0,8	
2591	-0,2	
