[HEADER]
H01=项目编号:
H02=项目注释:
H03=用户:
H04=测量日期:	21.04.2023
H05=测量时间:	15:21:06
H06=文件名称:	C:\Users\Test-02\Desktop\421HF\file_02.dat
H07=车厢号码:
H08=轮副:
H09=轨道基本间距:	0
H10=轨迹偏移:	0
H11=测量点数:	2594
H12=测量:	好
H14=轮子:	L
H13=扩展注释:
[MeasurementData]
[mm] [µm]
0	0,0	
1	0,0	
2	1,2	
3	1,1	
4	2,0	
5	1,5	
6	1,9	
7	1,6	
8	1,8	
9	1,8	
10	1,2	
11	0,5	
12	1,6	
13	4,4	
14	17,7	
15	11,5	
16	4,1	
17	7,9	
18	3,8	
19	2,5	
20	2,9	
21	3,3	
22	3,2	
23	3,5	
24	3,0	
25	2,8	
26	2,2	
27	2,8	
28	2,0	
29	2,6	
30	2,8	
31	3,6	
32	3,0	
33	3,4	
34	2,9	
35	3,6	
36	3,4	
37	4,0	
38	3,8	
39	4,8	
40	4,7	
41	4,6	
42	3,8	
43	4,6	
44	6,3	
45	9,7	
46	3,7	
47	5,3	
48	8,7	
49	17,7	
50	11,9	
51	6,6	
52	4,7	
53	3,3	
54	2,0	
55	3,8	
56	9,9	
57	6,3	
58	6,3	
59	9,6	
60	7,1	
61	11,2	
62	2,9	
63	1,1	
64	1,0	
65	-0,6	
66	2,6	
67	0,3	
68	1,0	
69	-0,9	
70	-0,5	
71	1,2	
72	-1,8	
73	3,6	
74	2,6	
75	-0,9	
76	0,3	
77	-1,0	
78	-2,0	
79	-2,1	
80	-1,6	
81	-3,0	
82	-1,5	
83	-3,2	
84	-4,8	
85	-4,9	
86	-5,4	
87	-5,6	
88	-5,5	
89	-5,0	
90	-5,0	
91	-5,2	
92	-4,7	
93	-5,2	
94	-5,2	
95	-5,6	
96	-5,5	
97	-4,7	
98	-5,8	
99	-6,2	
100	-5,6	
101	-0,2	
102	4,6	
103	1,3	
104	-4,9	
105	-2,2	
106	-4,3	
107	-5,0	
108	-2,6	
109	-5,1	
110	-5,6	
111	-5,4	
112	-5,4	
113	-6,1	
114	-6,3	
115	-5,2	
116	-5,3	
117	-5,8	
118	-5,5	
119	-5,5	
120	-4,8	
121	-5,0	
122	-5,0	
123	-5,4	
124	-4,5	
125	-5,1	
126	-5,5	
127	-4,9	
128	-4,5	
129	-1,6	
130	-4,6	
131	-5,3	
132	-4,1	
133	-5,2	
134	-5,2	
135	-5,8	
136	-2,2	
137	-5,5	
138	-6,2	
139	-6,7	
140	-6,3	
141	-3,1	
142	-6,9	
143	-7,3	
144	-3,4	
145	-6,3	
146	-4,6	
147	0,3	
148	-4,1	
149	-4,1	
150	-4,4	
151	-4,2	
152	-1,7	
153	-3,9	
154	-2,0	
155	-1,3	
156	1,3	
157	0,5	
158	2,2	
159	3,1	
160	0,9	
161	-2,5	
162	-3,8	
163	-1,9	
164	-5,6	
165	-3,7	
166	-3,4	
167	-3,4	
168	-2,1	
169	-2,2	
170	-2,4	
171	-3,7	
172	2,3	
173	-1,5	
174	1,5	
175	2,4	
176	1,0	
177	-3,3	
178	-2,4	
179	-3,8	
180	-3,7	
181	-2,4	
182	-3,4	
183	1,9	
184	-0,1	
185	-1,4	
186	-1,1	
187	-0,9	
188	-2,4	
189	-2,9	
190	0,7	
191	-0,8	
192	2,6	
193	2,2	
194	-0,7	
195	-0,1	
196	-3,7	
197	-3,1	
198	-4,7	
199	-6,1	
200	-6,1	
201	-4,6	
202	-2,9	
203	-4,2	
204	0,6	
205	-4,8	
206	-5,3	
207	-5,1	
208	-3,7	
209	-3,1	
210	-4,9	
211	-5,0	
212	-4,8	
213	-5,0	
214	-3,8	
215	-5,2	
216	-4,7	
217	-3,4	
218	-5,2	
219	-6,0	
220	-5,8	
221	-4,9	
222	-5,2	
223	-5,7	
224	-5,0	
225	-5,2	
226	-4,9	
227	-6,2	
228	-6,7	
229	-7,4	
230	-5,2	
231	-6,7	
232	-6,3	
233	-6,1	
234	-6,2	
235	-5,9	
236	-5,1	
237	-5,5	
238	-5,3	
239	-5,1	
240	-5,3	
241	-4,9	
242	-5,0	
243	-4,9	
244	-4,8	
245	-5,5	
246	-6,1	
247	-5,7	
248	-3,6	
249	-5,6	
250	-6,7	
251	-6,5	
252	-7,2	
253	-6,2	
254	-8,0	
255	-8,1	
256	-8,0	
257	-9,3	
258	-7,3	
259	-8,7	
260	-9,2	
261	-9,4	
262	-8,4	
263	-8,2	
264	-8,8	
265	-8,3	
266	-8,5	
267	-8,5	
268	-8,0	
269	-8,0	
270	-7,4	
271	-7,7	
272	-7,4	
273	-7,4	
274	-6,9	
275	-6,8	
276	-7,2	
277	-7,6	
278	-7,3	
279	-7,6	
280	-8,0	
281	-6,4	
282	-8,0	
283	-7,9	
284	-8,8	
285	-9,3	
286	-9,2	
287	-9,3	
288	-9,0	
289	-9,5	
290	-8,9	
291	-9,2	
292	-8,9	
293	-8,4	
294	-8,1	
295	-8,9	
296	-9,2	
297	-8,8	
298	-9,7	
299	-9,6	
300	-9,4	
301	-9,0	
302	-9,4	
303	-10,1	
304	-9,4	
305	-10,7	
306	-10,7	
307	-10,5	
308	-8,2	
309	-10,5	
310	-11,5	
311	-11,6	
312	-11,8	
313	-12,2	
314	-11,4	
315	-12,2	
316	-11,3	
317	-11,2	
318	-10,4	
319	-11,0	
320	-9,6	
321	-10,6	
322	-10,2	
323	-9,7	
324	-10,3	
325	-9,6	
326	-9,7	
327	-8,7	
328	-8,9	
329	-9,4	
330	-9,6	
331	-9,5	
332	-9,7	
333	-9,7	
334	-9,9	
335	-8,8	
336	-9,9	
337	-9,9	
338	-10,7	
339	-10,5	
340	-10,2	
341	-9,6	
342	-9,3	
343	-9,7	
344	-10,0	
345	-9,7	
346	-9,3	
347	-9,4	
348	-9,7	
349	-9,1	
350	-9,7	
351	-9,8	
352	-10,0	
353	-9,9	
354	-9,4	
355	-9,6	
356	-10,1	
357	-10,1	
358	-10,1	
359	-10,0	
360	-9,9	
361	-10,3	
362	-8,8	
363	-10,1	
364	-9,8	
365	-10,1	
366	-8,4	
367	-11,0	
368	-8,6	
369	-9,8	
370	-10,0	
371	-10,0	
372	-10,1	
373	-10,2	
374	-8,5	
375	-10,3	
376	-10,2	
377	-10,2	
378	-10,3	
379	-9,8	
380	-10,3	
381	-9,8	
382	-9,7	
383	-8,7	
384	-9,5	
385	-10,9	
386	-10,4	
387	-10,9	
388	-10,4	
389	-10,7	
390	-10,4	
391	-10,6	
392	-10,1	
393	-9,7	
394	-11,2	
395	-10,5	
396	-11,2	
397	-10,9	
398	-10,9	
399	-11,5	
400	-10,1	
401	-11,5	
402	-12,0	
403	-10,2	
404	-12,1	
405	-11,1	
406	-12,5	
407	-12,3	
408	-12,9	
409	-12,6	
410	-12,3	
411	-11,6	
412	-12,6	
413	-12,0	
414	-12,7	
415	-12,3	
416	-12,7	
417	-12,1	
418	-12,1	
419	-13,5	
420	-14,1	
421	-12,9	
422	-15,2	
423	-14,3	
424	-13,8	
425	-13,9	
426	-14,8	
427	-14,3	
428	-13,4	
429	-14,6	
430	-14,5	
431	-15,7	
432	-14,8	
433	-13,9	
434	-13,6	
435	-14,2	
436	-14,8	
437	-13,8	
438	-13,6	
439	-14,2	
440	-14,1	
441	-13,8	
442	-11,3	
443	-14,4	
444	-14,7	
445	-14,5	
446	-13,1	
447	-14,1	
448	-14,5	
449	-12,9	
450	-13,8	
451	-12,8	
452	-14,6	
453	-14,2	
454	-13,2	
455	-13,2	
456	-14,2	
457	-11,6	
458	-14,0	
459	-14,6	
460	-14,7	
461	-13,5	
462	-13,1	
463	-14,3	
464	-12,6	
465	-14,2	
466	-13,7	
467	-14,5	
468	-14,2	
469	-13,0	
470	-14,1	
471	-12,0	
472	-14,1	
473	-13,5	
474	-14,6	
475	-14,1	
476	-15,0	
477	-14,8	
478	-15,2	
479	-15,2	
480	-13,6	
481	-15,8	
482	-15,7	
483	-16,2	
484	-15,2	
485	-15,8	
486	-15,9	
487	-15,6	
488	-15,6	
489	-14,7	
490	-14,9	
491	-15,1	
492	-15,9	
493	-15,2	
494	-15,4	
495	-14,2	
496	-15,2	
497	-15,4	
498	-13,8	
499	-14,6	
500	-14,1	
501	-14,4	
502	-14,7	
503	-14,6	
504	-14,7	
505	-13,9	
506	-14,4	
507	-13,9	
508	-14,8	
509	-14,6	
510	-13,3	
511	-14,9	
512	-14,2	
513	-15,3	
514	-13,3	
515	-13,9	
516	-15,6	
517	-15,7	
518	-15,9	
519	-16,1	
520	-16,3	
521	-15,9	
522	-16,3	
523	-16,5	
524	-15,7	
525	-15,8	
526	-16,1	
527	-15,7	
528	-15,6	
529	-16,5	
530	-15,1	
531	-15,8	
532	-16,8	
533	-16,5	
534	-15,4	
535	-16,7	
536	-15,9	
537	-15,6	
538	-16,2	
539	-16,7	
540	-16,0	
541	-16,9	
542	-16,5	
543	-16,5	
544	-16,5	
545	-15,9	
546	-15,9	
547	-15,5	
548	-15,2	
549	-15,1	
550	-15,8	
551	-13,8	
552	-13,8	
553	-13,4	
554	-12,1	
555	-12,8	
556	-11,8	
557	-12,3	
558	-10,5	
559	-12,0	
560	-12,1	
561	-11,1	
562	-11,2	
563	-11,7	
564	-11,8	
565	-12,0	
566	-12,1	
567	-12,7	
568	-12,9	
569	-9,9	
570	-12,4	
571	-12,8	
572	-11,9	
573	-11,5	
574	-12,6	
575	-12,9	
576	-12,6	
577	-12,6	
578	-12,3	
579	-11,9	
580	-11,7	
581	-11,3	
582	-11,0	
583	-11,9	
584	-11,3	
585	-11,5	
586	-12,5	
587	-12,0	
588	-11,1	
589	-11,2	
590	-11,3	
591	-11,5	
592	-11,5	
593	-10,8	
594	-10,7	
595	-11,1	
596	-10,2	
597	-11,0	
598	-10,1	
599	-9,9	
600	-10,1	
601	-10,1	
602	-9,7	
603	-9,9	
604	-10,2	
605	-9,4	
606	-9,5	
607	-9,7	
608	-9,3	
609	-9,4	
610	-10,3	
611	-9,9	
612	-9,6	
613	-9,5	
614	-8,8	
615	-9,4	
616	-8,7	
617	-7,9	
618	-8,2	
619	-8,2	
620	-9,3	
621	-8,7	
622	-8,9	
623	-7,6	
624	-7,6	
625	-9,0	
626	-7,5	
627	-6,3	
628	-8,6	
629	-8,1	
630	-8,5	
631	-8,6	
632	-7,8	
633	-8,9	
634	-8,1	
635	-8,5	
636	-7,7	
637	-7,9	
638	-7,6	
639	-7,2	
640	-6,6	
641	-7,4	
642	-7,3	
643	-7,0	
644	-6,8	
645	-6,2	
646	-6,9	
647	-6,1	
648	-6,6	
649	-6,7	
650	-7,5	
651	-6,8	
652	-8,8	
653	-7,5	
654	-6,7	
655	-6,7	
656	-6,6	
657	-5,4	
658	-6,0	
659	-6,3	
660	-5,6	
661	-5,2	
662	-4,7	
663	-4,6	
664	-4,3	
665	-3,4	
666	-3,6	
667	-4,1	
668	-4,7	
669	-4,4	
670	-4,5	
671	-4,3	
672	-3,1	
673	-4,2	
674	-4,0	
675	-3,3	
676	-3,8	
677	-3,6	
678	-3,4	
679	-1,5	
680	-3,9	
681	-2,9	
682	-3,7	
683	-3,6	
684	-3,6	
685	-3,8	
686	-2,2	
687	-2,0	
688	-2,1	
689	-1,9	
690	-2,2	
691	-1,3	
692	-1,8	
693	-0,9	
694	-1,3	
695	-0,9	
696	-0,5	
697	-0,3	
698	-0,2	
699	0,2	
700	1,2	
701	0,9	
702	0,0	
703	0,9	
704	1,9	
705	1,7	
706	1,1	
707	1,6	
708	0,9	
709	1,6	
710	2,5	
711	2,5	
712	2,7	
713	2,0	
714	2,6	
715	4,8	
716	3,6	
717	2,1	
718	4,8	
719	5,0	
720	4,6	
721	5,3	
722	6,3	
723	5,1	
724	6,4	
725	6,0	
726	7,0	
727	7,1	
728	7,3	
729	8,3	
730	8,4	
731	9,8	
732	8,4	
733	8,3	
734	7,5	
735	7,9	
736	8,2	
737	8,0	
738	8,5	
739	8,4	
740	9,2	
741	8,3	
742	8,8	
743	9,0	
744	9,8	
745	11,9	
746	10,4	
747	10,8	
748	10,2	
749	12,0	
750	11,8	
751	11,7	
752	12,1	
753	11,8	
754	11,5	
755	12,0	
756	12,2	
757	12,0	
758	12,1	
759	12,6	
760	12,4	
761	13,6	
762	12,8	
763	14,3	
764	13,4	
765	14,7	
766	17,2	
767	15,1	
768	16,5	
769	15,8	
770	17,0	
771	17,2	
772	17,4	
773	17,1	
774	16,7	
775	16,5	
776	16,8	
777	17,5	
778	17,0	
779	17,2	
780	18,3	
781	19,8	
782	20,6	
783	20,2	
784	20,0	
785	19,3	
786	21,3	
787	19,4	
788	20,4	
789	21,4	
790	20,8	
791	20,5	
792	21,1	
793	21,8	
794	21,5	
795	21,1	
796	21,6	
797	22,2	
798	21,6	
799	22,8	
800	22,8	
801	23,8	
802	22,3	
803	23,1	
804	23,6	
805	23,4	
806	23,5	
807	24,6	
808	26,5	
809	26,3	
810	26,1	
811	25,9	
812	26,6	
813	26,6	
814	27,1	
815	26,3	
816	28,4	
817	28,0	
818	27,9	
819	28,5	
820	28,0	
821	28,1	
822	29,2	
823	29,7	
824	28,8	
825	28,7	
826	29,5	
827	29,7	
828	29,4	
829	29,8	
830	31,0	
831	30,9	
832	32,0	
833	32,9	
834	32,8	
835	33,1	
836	34,9	
837	34,4	
838	32,6	
839	33,0	
840	34,1	
841	33,9	
842	34,5	
843	34,6	
844	34,0	
845	34,3	
846	35,1	
847	34,9	
848	34,8	
849	35,2	
850	35,5	
851	35,5	
852	35,7	
853	36,2	
854	36,3	
855	36,6	
856	36,4	
857	36,1	
858	36,9	
859	37,5	
860	37,7	
861	38,1	
862	38,4	
863	38,7	
864	39,0	
865	38,9	
866	39,0	
867	39,1	
868	40,4	
869	40,4	
870	41,4	
871	42,1	
872	41,7	
873	41,8	
874	41,3	
875	41,8	
876	42,4	
877	43,0	
878	43,6	
879	42,8	
880	43,0	
881	42,4	
882	42,9	
883	44,2	
884	43,9	
885	43,7	
886	44,5	
887	44,5	
888	43,5	
889	44,5	
890	45,0	
891	44,9	
892	45,7	
893	45,5	
894	46,8	
895	46,7	
896	47,3	
897	46,7	
898	48,0	
899	47,7	
900	48,7	
901	48,8	
902	49,0	
903	50,2	
904	48,9	
905	49,3	
906	50,7	
907	49,8	
908	50,1	
909	50,7	
910	50,2	
911	50,7	
912	51,2	
913	51,0	
914	52,0	
915	51,8	
916	51,9	
917	52,0	
918	52,4	
919	52,7	
920	52,5	
921	55,2	
922	53,2	
923	54,6	
924	53,9	
925	54,4	
926	54,1	
927	54,3	
928	54,5	
929	54,9	
930	55,5	
931	55,1	
932	55,5	
933	55,7	
934	55,5	
935	55,9	
936	55,9	
937	56,4	
938	56,5	
939	56,9	
940	57,4	
941	57,8	
942	58,4	
943	58,7	
944	58,8	
945	58,2	
946	59,6	
947	59,8	
948	60,2	
949	61,3	
950	60,8	
951	63,3	
952	61,9	
953	62,6	
954	62,7	
955	63,1	
956	63,8	
957	64,0	
958	64,7	
959	65,2	
960	65,0	
961	65,6	
962	65,2	
963	65,1	
964	65,4	
965	65,5	
966	65,9	
967	66,2	
968	65,2	
969	64,8	
970	65,3	
971	65,1	
972	65,2	
973	66,3	
974	65,9	
975	66,8	
976	66,7	
977	67,5	
978	67,1	
979	67,0	
980	68,0	
981	67,6	
982	68,1	
983	68,4	
984	68,5	
985	68,5	
986	68,4	
987	68,2	
988	68,4	
989	68,3	
990	68,7	
991	70,5	
992	69,3	
993	69,6	
994	69,7	
995	71,2	
996	69,5	
997	70,0	
998	70,6	
999	71,2	
1000	71,0	
1001	70,3	
1002	70,9	
1003	70,4	
1004	69,9	
1005	70,2	
1006	70,3	
1007	69,9	
1008	70,4	
1009	70,7	
1010	70,3	
1011	70,7	
1012	72,4	
1013	70,8	
1014	72,1	
1015	71,6	
1016	71,7	
1017	72,6	
1018	72,4	
1019	72,6	
1020	72,3	
1021	72,6	
1022	72,5	
1023	72,5	
1024	72,9	
1025	73,5	
1026	73,4	
1027	73,5	
1028	73,5	
1029	73,1	
1030	72,7	
1031	73,1	
1032	72,3	
1033	72,2	
1034	72,4	
1035	72,3	
1036	72,1	
1037	72,2	
1038	72,6	
1039	73,2	
1040	73,1	
1041	73,5	
1042	74,1	
1043	74,0	
1044	74,3	
1045	74,2	
1046	74,3	
1047	74,1	
1048	74,1	
1049	74,3	
1050	74,5	
1051	74,0	
1052	74,6	
1053	73,7	
1054	73,1	
1055	73,3	
1056	73,0	
1057	74,1	
1058	73,2	
1059	74,4	
1060	74,1	
1061	74,1	
1062	74,7	
1063	74,8	
1064	74,4	
1065	74,4	
1066	75,2	
1067	75,3	
1068	75,5	
1069	75,7	
1070	75,0	
1071	75,4	
1072	75,5	
1073	75,8	
1074	75,0	
1075	75,0	
1076	75,1	
1077	75,9	
1078	75,7	
1079	75,3	
1080	76,0	
1081	75,8	
1082	76,8	
1083	78,5	
1084	77,4	
1085	77,4	
1086	78,4	
1087	78,0	
1088	78,0	
1089	77,7	
1090	77,8	
1091	77,4	
1092	77,4	
1093	77,3	
1094	76,7	
1095	77,1	
1096	77,3	
1097	77,2	
1098	75,3	
1099	77,2	
1100	77,8	
1101	77,1	
1102	77,5	
1103	78,0	
1104	78,2	
1105	77,3	
1106	77,5	
1107	77,7	
1108	77,8	
1109	78,0	
1110	78,6	
1111	77,7	
1112	77,3	
1113	77,3	
1114	77,1	
1115	77,2	
1116	76,5	
1117	77,0	
1118	76,5	
1119	76,4	
1120	76,9	
1121	76,7	
1122	76,5	
1123	76,8	
1124	76,5	
1125	76,5	
1126	77,0	
1127	76,9	
1128	77,9	
1129	77,7	
1130	77,8	
1131	78,4	
1132	78,4	
1133	77,4	
1134	77,9	
1135	78,5	
1136	77,9	
1137	77,8	
1138	77,5	
1139	79,2	
1140	77,1	
1141	77,4	
1142	77,0	
1143	76,9	
1144	76,6	
1145	76,1	
1146	77,4	
1147	76,4	
1148	76,4	
1149	77,1	
1150	77,3	
1151	77,5	
1152	77,4	
1153	77,3	
1154	78,0	
1155	77,3	
1156	77,7	
1157	77,8	
1158	77,8	
1159	77,8	
1160	77,8	
1161	80,0	
1162	77,3	
1163	77,6	
1164	78,1	
1165	78,6	
1166	78,2	
1167	78,3	
1168	77,1	
1169	77,4	
1170	77,3	
1171	77,2	
1172	76,1	
1173	76,2	
1174	75,6	
1175	75,6	
1176	75,3	
1177	75,4	
1178	75,3	
1179	75,2	
1180	75,5	
1181	76,3	
1182	76,5	
1183	77,3	
1184	76,6	
1185	76,7	
1186	78,1	
1187	78,2	
1188	77,5	
1189	76,9	
1190	76,9	
1191	77,8	
1192	77,5	
1193	76,5	
1194	76,5	
1195	76,1	
1196	75,6	
1197	75,2	
1198	75,2	
1199	75,2	
1200	75,5	
1201	75,1	
1202	75,7	
1203	75,5	
1204	75,2	
1205	75,3	
1206	75,9	
1207	75,1	
1208	75,3	
1209	75,5	
1210	75,2	
1211	75,4	
1212	74,9	
1213	74,9	
1214	74,9	
1215	74,6	
1216	75,0	
1217	74,0	
1218	74,5	
1219	74,2	
1220	74,0	
1221	73,6	
1222	74,3	
1223	73,5	
1224	73,4	
1225	73,9	
1226	73,1	
1227	73,1	
1228	72,5	
1229	72,3	
1230	72,2	
1231	71,6	
1232	71,5	
1233	72,0	
1234	71,5	
1235	70,9	
1236	70,2	
1237	70,5	
1238	70,4	
1239	70,2	
1240	70,3	
1241	70,7	
1242	71,3	
1243	71,9	
1244	71,3	
1245	71,8	
1246	72,0	
1247	74,8	
1248	71,7	
1249	73,2	
1250	72,9	
1251	72,8	
1252	72,6	
1253	72,4	
1254	72,0	
1255	71,9	
1256	72,5	
1257	73,4	
1258	74,0	
1259	73,1	
1260	72,5	
1261	71,7	
1262	73,6	
1263	72,4	
1264	72,0	
1265	72,1	
1266	71,8	
1267	71,3	
1268	71,7	
1269	70,7	
1270	71,8	
1271	71,8	
1272	71,6	
1273	71,4	
1274	71,8	
1275	72,1	
1276	71,7	
1277	71,1	
1278	70,5	
1279	70,3	
1280	69,9	
1281	69,7	
1282	69,3	
1283	68,5	
1284	69,2	
1285	69,2	
1286	69,1	
1287	69,5	
1288	69,6	
1289	68,5	
1290	68,8	
1291	68,8	
1292	68,7	
1293	69,2	
1294	68,6	
1295	69,1	
1296	69,6	
1297	69,6	
1298	68,6	
1299	67,7	
1300	68,0	
1301	68,4	
1302	67,5	
1303	66,9	
1304	66,2	
1305	66,8	
1306	66,4	
1307	66,6	
1308	66,5	
1309	65,7	
1310	66,9	
1311	66,1	
1312	65,9	
1313	65,5	
1314	65,8	
1315	65,1	
1316	65,5	
1317	65,8	
1318	64,5	
1319	63,1	
1320	62,6	
1321	62,1	
1322	62,3	
1323	61,6	
1324	61,5	
1325	61,4	
1326	61,0	
1327	61,3	
1328	61,1	
1329	61,3	
1330	61,5	
1331	61,1	
1332	62,3	
1333	61,8	
1334	60,9	
1335	60,7	
1336	63,7	
1337	61,4	
1338	60,5	
1339	60,1	
1340	60,5	
1341	59,8	
1342	61,0	
1343	58,7	
1344	59,0	
1345	59,3	
1346	58,5	
1347	57,9	
1348	58,0	
1349	57,2	
1350	58,3	
1351	58,4	
1352	57,6	
1353	57,2	
1354	57,4	
1355	57,3	
1356	57,2	
1357	56,8	
1358	57,1	
1359	56,4	
1360	56,9	
1361	56,5	
1362	56,5	
1363	56,7	
1364	57,5	
1365	58,3	
1366	57,1	
1367	57,3	
1368	57,9	
1369	57,3	
1370	57,2	
1371	57,4	
1372	56,5	
1373	56,7	
1374	56,9	
1375	56,3	
1376	56,6	
1377	56,0	
1378	55,8	
1379	55,6	
1380	55,8	
1381	55,1	
1382	55,2	
1383	54,4	
1384	54,3	
1385	53,8	
1386	53,4	
1387	52,5	
1388	53,8	
1389	52,7	
1390	52,8	
1391	52,4	
1392	52,7	
1393	53,1	
1394	52,9	
1395	53,4	
1396	53,5	
1397	53,9	
1398	54,3	
1399	52,9	
1400	52,6	
1401	52,9	
1402	53,0	
1403	52,4	
1404	52,7	
1405	51,1	
1406	51,3	
1407	50,9	
1408	50,8	
1409	50,6	
1410	50,7	
1411	50,9	
1412	50,1	
1413	50,7	
1414	50,5	
1415	51,0	
1416	50,2	
1417	49,9	
1418	49,7	
1419	50,6	
1420	50,2	
1421	49,4	
1422	50,2	
1423	50,1	
1424	49,3	
1425	49,0	
1426	48,6	
1427	48,0	
1428	47,8	
1429	47,5	
1430	47,3	
1431	47,1	
1432	46,2	
1433	45,8	
1434	45,7	
1435	46,0	
1436	45,4	
1437	45,4	
1438	45,4	
1439	45,0	
1440	45,0	
1441	44,7	
1442	44,6	
1443	44,3	
1444	44,4	
1445	45,0	
1446	44,5	
1447	43,7	
1448	44,1	
1449	43,6	
1450	43,7	
1451	44,2	
1452	43,2	
1453	43,0	
1454	42,0	
1455	43,2	
1456	44,0	
1457	43,0	
1458	46,0	
1459	43,1	
1460	44,1	
1461	42,8	
1462	43,7	
1463	42,8	
1464	42,5	
1465	42,5	
1466	42,7	
1467	42,2	
1468	42,5	
1469	42,7	
1470	42,3	
1471	42,0	
1472	42,2	
1473	44,5	
1474	42,0	
1475	42,2	
1476	42,5	
1477	42,2	
1478	41,8	
1479	41,8	
1480	41,5	
1481	42,1	
1482	41,1	
1483	41,0	
1484	40,5	
1485	40,7	
1486	40,5	
1487	39,7	
1488	40,5	
1489	39,5	
1490	39,5	
1491	39,3	
1492	38,8	
1493	39,0	
1494	38,3	
1495	37,9	
1496	37,2	
1497	39,8	
1498	37,4	
1499	37,1	
1500	37,5	
1501	37,3	
1502	37,6	
1503	38,6	
1504	37,2	
1505	37,1	
1506	37,3	
1507	37,2	
1508	38,0	
1509	36,6	
1510	36,6	
1511	36,6	
1512	37,1	
1513	36,1	
1514	36,1	
1515	35,7	
1516	35,6	
1517	35,1	
1518	35,2	
1519	35,0	
1520	35,1	
1521	34,9	
1522	34,8	
1523	34,7	
1524	34,6	
1525	34,4	
1526	34,2	
1527	34,0	
1528	34,0	
1529	33,3	
1530	33,1	
1531	33,0	
1532	32,9	
1533	32,4	
1534	32,8	
1535	33,1	
1536	32,9	
1537	32,8	
1538	32,5	
1539	33,4	
1540	32,8	
1541	33,0	
1542	32,1	
1543	32,0	
1544	32,1	
1545	32,5	
1546	32,2	
1547	31,7	
1548	31,9	
1549	31,4	
1550	30,6	
1551	29,8	
1552	29,2	
1553	28,9	
1554	27,8	
1555	27,0	
1556	30,2	
1557	26,5	
1558	26,4	
1559	25,9	
1560	26,4	
1561	26,3	
1562	27,0	
1563	31,1	
1564	27,0	
1565	28,1	
1566	27,9	
1567	27,6	
1568	27,7	
1569	27,2	
1570	27,9	
1571	31,1	
1572	29,2	
1573	27,2	
1574	31,0	
1575	38,8	
1576	29,6	
1577	27,0	
1578	26,1	
1579	26,0	
1580	25,5	
1581	25,9	
1582	25,3	
1583	25,3	
1584	26,0	
1585	25,9	
1586	26,0	
1587	25,7	
1588	25,6	
1589	26,3	
1590	25,4	
1591	25,3	
1592	25,2	
1593	24,8	
1594	24,3	
1595	24,5	
1596	24,6	
1597	23,8	
1598	23,4	
1599	23,4	
1600	23,5	
1601	23,3	
1602	23,0	
1603	22,7	
1604	22,5	
1605	22,5	
1606	22,2	
1607	21,9	
1608	21,6	
1609	21,1	
1610	20,4	
1611	19,7	
1612	20,6	
1613	19,5	
1614	19,7	
1615	19,3	
1616	19,4	
1617	19,7	
1618	19,1	
1619	18,6	
1620	19,4	
1621	18,3	
1622	18,9	
1623	18,9	
1624	19,2	
1625	18,5	
1626	18,5	
1627	21,8	
1628	18,6	
1629	18,3	
1630	17,8	
1631	18,2	
1632	18,4	
1633	17,8	
1634	17,7	
1635	17,6	
1636	18,3	
1637	18,4	
1638	17,8	
1639	17,3	
1640	17,0	
1641	16,6	
1642	16,8	
1643	16,4	
1644	16,4	
1645	16,5	
1646	16,5	
1647	16,6	
1648	16,8	
1649	16,3	
1650	16,6	
1651	16,1	
1652	16,3	
1653	16,7	
1654	16,3	
1655	16,1	
1656	15,9	
1657	16,4	
1658	16,2	
1659	14,7	
1660	14,7	
1661	14,3	
1662	14,5	
1663	13,6	
1664	13,5	
1665	13,1	
1666	12,6	
1667	12,4	
1668	11,9	
1669	12,4	
1670	12,2	
1671	10,4	
1672	9,6	
1673	9,4	
1674	10,6	
1675	9,4	
1676	9,0	
1677	9,2	
1678	9,7	
1679	9,2	
1680	9,7	
1681	9,1	
1682	9,0	
1683	10,4	
1684	9,1	
1685	8,1	
1686	8,3	
1687	8,3	
1688	8,2	
1689	7,7	
1690	8,1	
1691	7,6	
1692	7,4	
1693	7,0	
1694	7,1	
1695	6,2	
1696	6,2	
1697	5,7	
1698	5,5	
1699	5,5	
1700	5,0	
1701	4,8	
1702	4,6	
1703	4,4	
1704	4,3	
1705	5,4	
1706	5,0	
1707	7,0	
1708	5,6	
1709	4,8	
1710	5,4	
1711	12,3	
1712	5,0	
1713	5,2	
1714	4,3	
1715	4,9	
1716	4,1	
1717	3,8	
1718	3,7	
1719	3,3	
1720	5,7	
1721	3,1	
1722	3,3	
1723	2,3	
1724	2,9	
1725	3,7	
1726	1,6	
1727	0,9	
1728	0,2	
1729	-0,3	
1730	-0,4	
1731	-0,8	
1732	-0,3	
1733	0,4	
1734	1,4	
1735	0,8	
1736	0,9	
1737	0,4	
1738	-0,3	
1739	-0,8	
1740	-1,1	
1741	-1,1	
1742	-1,0	
1743	-1,2	
1744	-1,2	
1745	-0,9	
1746	-1,7	
1747	-1,2	
1748	-1,0	
1749	0,0	
1750	-1,2	
1751	-0,3	
1752	-0,6	
1753	0,2	
1754	0,9	
1755	-0,1	
1756	-0,6	
1757	-0,5	
1758	-0,5	
1759	-1,1	
1760	-1,5	
1761	-1,5	
1762	-1,6	
1763	-1,3	
1764	-1,9	
1765	-2,3	
1766	-2,1	
1767	-2,2	
1768	-2,5	
1769	-2,8	
1770	-2,7	
1771	-2,9	
1772	-2,0	
1773	-2,5	
1774	-2,7	
1775	-2,9	
1776	-2,9	
1777	-2,7	
1778	-3,5	
1779	-3,9	
1780	-4,6	
1781	-4,8	
1782	-3,8	
1783	-6,1	
1784	-6,2	
1785	-7,5	
1786	-7,8	
1787	-7,7	
1788	-7,5	
1789	-7,8	
1790	-6,5	
1791	-6,9	
1792	-6,4	
1793	-6,1	
1794	-5,8	
1795	-5,6	
1796	-4,9	
1797	-5,9	
1798	-6,1	
1799	-2,7	
1800	-6,2	
1801	-6,0	
1802	-6,5	
1803	-6,0	
1804	-7,0	
1805	-7,4	
1806	-6,5	
1807	-7,1	
1808	-6,9	
1809	-7,1	
1810	-7,2	
1811	-5,3	
1812	-7,1	
1813	-6,8	
1814	-6,8	
1815	-6,6	
1816	-1,6	
1817	-5,3	
1818	-6,1	
1819	-7,1	
1820	-6,6	
1821	-7,1	
1822	-6,8	
1823	-7,2	
1824	-7,1	
1825	-7,6	
1826	-7,9	
1827	-7,0	
1828	-7,5	
1829	-8,2	
1830	-8,1	
1831	-7,9	
1832	-6,9	
1833	-7,5	
1834	-6,8	
1835	-6,2	
1836	-7,2	
1837	-6,9	
1838	-7,2	
1839	-8,4	
1840	-8,6	
1841	-9,3	
1842	-10,1	
1843	-10,5	
1844	-10,2	
1845	-10,8	
1846	-10,6	
1847	-10,2	
1848	-10,6	
1849	-10,0	
1850	-9,3	
1851	-9,6	
1852	-10,0	
1853	-9,7	
1854	-9,5	
1855	-9,6	
1856	-9,2	
1857	-9,4	
1858	-9,9	
1859	-9,6	
1860	-9,7	
1861	-9,8	
1862	-9,8	
1863	-10,0	
1864	-10,4	
1865	-10,5	
1866	-10,8	
1867	-10,7	
1868	-11,1	
1869	-10,8	
1870	-11,8	
1871	-11,5	
1872	-11,6	
1873	-11,2	
1874	-11,9	
1875	-11,7	
1876	-11,5	
1877	-11,8	
1878	-11,8	
1879	-11,7	
1880	-11,6	
1881	-11,9	
1882	-12,2	
1883	-11,7	
1884	-12,1	
1885	-10,1	
1886	-12,6	
1887	-12,8	
1888	-12,6	
1889	-12,1	
1890	-11,0	
1891	-11,4	
1892	-11,5	
1893	-12,1	
1894	-12,0	
1895	-11,7	
1896	-9,6	
1897	-11,8	
1898	-12,3	
1899	-12,9	
1900	-13,2	
1901	-12,2	
1902	-13,1	
1903	-13,4	
1904	-13,3	
1905	-13,5	
1906	-11,7	
1907	-13,6	
1908	-12,5	
1909	-13,4	
1910	-13,2	
1911	-13,2	
1912	-13,4	
1913	-12,6	
1914	-13,0	
1915	-13,4	
1916	-13,4	
1917	-13,4	
1918	-12,9	
1919	-13,2	
1920	-13,8	
1921	-13,7	
1922	-14,1	
1923	-13,7	
1924	-13,7	
1925	-13,9	
1926	-13,3	
1927	-13,8	
1928	-13,7	
1929	-13,3	
1930	-13,4	
1931	-13,6	
1932	-13,6	
1933	-13,7	
1934	-13,7	
1935	-14,1	
1936	-14,0	
1937	-14,4	
1938	-14,2	
1939	-14,2	
1940	-13,8	
1941	-14,0	
1942	-13,6	
1943	-14,5	
1944	-14,3	
1945	-13,8	
1946	-14,0	
1947	-13,5	
1948	-13,3	
1949	-14,1	
1950	-13,6	
1951	-14,4	
1952	-15,1	
1953	-13,7	
1954	-15,4	
1955	-16,2	
1956	-16,8	
1957	-17,1	
1958	-17,2	
1959	-17,8	
1960	-18,5	
1961	-17,1	
1962	-17,6	
1963	-17,1	
1964	-16,7	
1965	-15,1	
1966	-15,4	
1967	-11,4	
1968	-16,1	
1969	-15,4	
1970	-15,2	
1971	-15,1	
1972	-15,8	
1973	-15,3	
1974	-15,3	
1975	-15,5	
1976	-15,7	
1977	-15,6	
1978	-15,9	
1979	-16,2	
1980	-15,7	
1981	-16,6	
1982	-16,7	
1983	-16,4	
1984	-16,1	
1985	-16,4	
1986	-15,7	
1987	-16,0	
1988	-15,8	
1989	-15,5	
1990	-15,4	
1991	-15,4	
1992	-15,0	
1993	-14,6	
1994	-14,1	
1995	-15,1	
1996	-14,5	
1997	-14,2	
1998	-15,0	
1999	-15,0	
2000	-15,1	
2001	-14,6	
2002	-14,7	
2003	-15,5	
2004	-15,4	
2005	-15,3	
2006	-15,2	
2007	-15,3	
2008	-15,7	
2009	-15,7	
2010	-16,2	
2011	-16,8	
2012	-17,5	
2013	-17,6	
2014	-18,6	
2015	-18,5	
2016	-18,5	
2017	-19,1	
2018	-19,6	
2019	-19,7	
2020	-19,4	
2021	-19,3	
2022	-18,2	
2023	-18,8	
2024	-18,2	
2025	-17,6	
2026	-17,7	
2027	-17,5	
2028	-17,0	
2029	-15,6	
2030	-15,6	
2031	-16,4	
2032	-16,6	
2033	-16,9	
2034	-17,0	
2035	-17,0	
2036	-17,1	
2037	-17,0	
2038	-16,6	
2039	-16,9	
2040	-17,7	
2041	-17,6	
2042	-17,6	
2043	-17,6	
2044	-17,5	
2045	-17,3	
2046	-17,6	
2047	-15,4	
2048	-16,5	
2049	-16,2	
2050	-16,0	
2051	-14,9	
2052	-16,1	
2053	-16,1	
2054	-16,0	
2055	-15,7	
2056	-16,5	
2057	-16,2	
2058	-16,8	
2059	-16,6	
2060	-16,2	
2061	-16,6	
2062	-14,4	
2063	-16,7	
2064	-16,3	
2065	-16,4	
2066	-16,7	
2067	-16,2	
2068	-17,0	
2069	-16,8	
2070	-16,9	
2071	-17,0	
2072	-17,0	
2073	-17,2	
2074	-16,5	
2075	-16,7	
2076	-16,3	
2077	-16,4	
2078	-15,9	
2079	-15,7	
2080	-16,6	
2081	-15,6	
2082	-15,6	
2083	-15,2	
2084	-13,9	
2085	-14,5	
2086	-14,3	
2087	-14,3	
2088	-14,0	
2089	-14,0	
2090	-14,3	
2091	-13,6	
2092	-13,5	
2093	-14,3	
2094	-14,4	
2095	-14,6	
2096	-14,7	
2097	-14,4	
2098	-14,3	
2099	-13,4	
2100	-14,8	
2101	-13,9	
2102	-14,3	
2103	-14,6	
2104	-14,5	
2105	-14,2	
2106	-13,7	
2107	-14,0	
2108	-13,7	
2109	-13,6	
2110	-13,4	
2111	-13,4	
2112	-12,9	
2113	-12,9	
2114	-12,7	
2115	-13,1	
2116	-13,3	
2117	-13,6	
2118	-13,8	
2119	-13,9	
2120	-14,1	
2121	-13,8	
2122	-13,5	
2123	-13,7	
2124	-13,9	
2125	-14,3	
2126	-14,0	
2127	-13,2	
2128	-13,8	
2129	-13,9	
2130	-14,3	
2131	-14,1	
2132	-14,2	
2133	-13,2	
2134	-13,3	
2135	-13,1	
2136	-12,6	
2137	-12,4	
2138	-12,4	
2139	-13,0	
2140	-11,9	
2141	-13,0	
2142	-12,9	
2143	-12,7	
2144	-12,1	
2145	-12,1	
2146	-12,5	
2147	-12,4	
2148	-11,8	
2149	-12,7	
2150	-12,1	
2151	-12,5	
2152	-12,2	
2153	-12,3	
2154	-12,1	
2155	-11,7	
2156	-13,2	
2157	-12,6	
2158	-12,8	
2159	-12,7	
2160	-12,3	
2161	-11,9	
2162	-11,9	
2163	-11,4	
2164	-11,0	
2165	-10,6	
2166	-9,2	
2167	-9,8	
2168	-9,6	
2169	-8,6	
2170	-9,5	
2171	-9,1	
2172	-9,0	
2173	-8,7	
2174	-8,2	
2175	-8,6	
2176	-7,7	
2177	-7,7	
2178	-8,0	
2179	-8,5	
2180	-8,2	
2181	-8,6	
2182	-8,4	
2183	-8,3	
2184	-8,6	
2185	-9,0	
2186	-9,6	
2187	-8,6	
2188	-9,3	
2189	-8,9	
2190	-7,6	
2191	-8,5	
2192	-8,5	
2193	-8,0	
2194	-8,1	
2195	-7,3	
2196	-7,1	
2197	-7,5	
2198	-7,4	
2199	-7,4	
2200	-7,8	
2201	-7,7	
2202	-7,0	
2203	-5,4	
2204	-7,0	
2205	-6,6	
2206	-6,4	
2207	-6,5	
2208	-6,4	
2209	-6,6	
2210	-6,9	
2211	-6,8	
2212	-5,7	
2213	-5,4	
2214	-6,4	
2215	-4,9	
2216	-6,5	
2217	-4,8	
2218	-6,1	
2219	-5,8	
2220	-5,7	
2221	-5,7	
2222	-5,8	
2223	-5,1	
2224	-5,2	
2225	-5,2	
2226	-4,8	
2227	-4,7	
2228	-4,8	
2229	-4,2	
2230	-4,7	
2231	-4,1	
2232	-3,9	
2233	-3,8	
2234	-2,7	
2235	-4,2	
2236	-3,8	
2237	-4,2	
2238	-3,0	
2239	-4,3	
2240	-4,3	
2241	-3,7	
2242	-5,2	
2243	-5,1	
2244	-5,2	
2245	-4,8	
2246	-4,5	
2247	-4,9	
2248	-4,4	
2249	-3,2	
2250	-4,9	
2251	-4,5	
2252	-3,9	
2253	-4,1	
2254	-3,1	
2255	-4,1	
2256	-3,8	
2257	-3,6	
2258	-2,9	
2259	-3,3	
2260	-3,0	
2261	-3,4	
2262	-2,7	
2263	-2,7	
2264	-2,7	
2265	-3,0	
2266	-2,9	
2267	-2,6	
2268	-2,7	
2269	-2,8	
2270	-2,4	
2271	-2,8	
2272	-2,9	
2273	-2,2	
2274	-2,6	
2275	-1,9	
2276	-2,8	
2277	-2,3	
2278	-1,4	
2279	-1,8	
2280	-1,4	
2281	-0,6	
2282	-1,5	
2283	-0,7	
2284	-0,3	
2285	-0,8	
2286	0,9	
2287	-1,0	
2288	-1,1	
2289	-0,8	
2290	-1,0	
2291	-0,6	
2292	0,1	
2293	0,3	
2294	-0,2	
2295	-0,3	
2296	0,4	
2297	-1,5	
2298	-1,2	
2299	-1,2	
2300	-1,1	
2301	-1,0	
2302	-1,7	
2303	-1,5	
2304	-1,4	
2305	-1,0	
2306	0,6	
2307	-1,2	
2308	1,0	
2309	0,8	
2310	0,3	
2311	0,1	
2312	0,6	
2313	0,4	
2314	0,0	
2315	0,1	
2316	0,3	
2317	0,5	
2318	0,2	
2319	0,6	
2320	2,2	
2321	0,7	
2322	0,5	
2323	1,0	
2324	0,8	
2325	0,2	
2326	0,5	
2327	0,5	
2328	0,3	
2329	0,8	
2330	1,0	
2331	0,8	
2332	1,3	
2333	1,5	
2334	1,5	
2335	1,7	
2336	2,1	
2337	2,3	
2338	2,7	
2339	2,7	
2340	3,1	
2341	4,7	
2342	3,4	
2343	3,2	
2344	4,2	
2345	3,5	
2346	4,0	
2347	4,1	
2348	4,4	
2349	4,9	
2350	3,6	
2351	3,8	
2352	3,8	
2353	4,0	
2354	7,0	
2355	3,2	
2356	2,8	
2357	4,4	
2358	2,7	
2359	7,3	
2360	2,6	
2361	2,4	
2362	2,4	
2363	2,9	
2364	3,2	
2365	6,1	
2366	3,8	
2367	4,4	
2368	4,7	
2369	5,0	
2370	5,0	
2371	4,9	
2372	4,9	
2373	6,0	
2374	5,0	
2375	6,3	
2376	5,0	
2377	5,6	
2378	5,3	
2379	5,8	
2380	6,6	
2381	6,7	
2382	6,4	
2383	7,0	
2384	6,5	
2385	5,5	
2386	5,5	
2387	7,2	
2388	6,5	
2389	7,0	
2390	6,6	
2391	7,1	
2392	7,4	
2393	6,7	
2394	7,1	
2395	6,9	
2396	7,1	
2397	7,3	
2398	6,9	
2399	7,8	
2400	7,0	
2401	6,6	
2402	7,9	
2403	7,8	
2404	8,2	
2405	8,0	
2406	5,9	
2407	7,6	
2408	7,6	
2409	7,7	
2410	7,3	
2411	7,6	
2412	7,8	
2413	8,6	
2414	7,1	
2415	6,7	
2416	6,0	
2417	5,7	
2418	5,7	
2419	5,7	
2420	5,5	
2421	6,0	
2422	6,4	
2423	6,9	
2424	7,1	
2425	8,1	
2426	8,2	
2427	9,0	
2428	9,8	
2429	7,7	
2430	8,2	
2431	8,0	
2432	8,4	
2433	8,1	
2434	7,7	
2435	7,9	
2436	8,2	
2437	8,8	
2438	7,9	
2439	8,3	
2440	8,2	
2441	8,8	
2442	7,7	
2443	8,2	
2444	8,2	
2445	8,9	
2446	8,1	
2447	9,9	
2448	8,4	
2449	8,7	
2450	8,9	
2451	8,6	
2452	11,2	
2453	8,6	
2454	8,0	
2455	8,6	
2456	8,8	
2457	10,2	
2458	8,4	
2459	9,2	
2460	9,2	
2461	9,1	
2462	10,6	
2463	9,9	
2464	9,5	
2465	9,0	
2466	9,5	
2467	9,4	
2468	9,8	
2469	9,6	
2470	9,0	
2471	8,2	
2472	7,8	
2473	7,6	
2474	7,4	
2475	7,5	
2476	7,4	
2477	7,8	
2478	7,9	
2479	8,5	
2480	8,7	
2481	9,2	
2482	8,9	
2483	8,7	
2484	10,3	
2485	9,5	
2486	9,9	
2487	10,2	
2488	9,9	
2489	10,2	
2490	10,6	
2491	10,9	
2492	10,7	
2493	11,1	
2494	11,1	
2495	11,2	
2496	13,9	
2497	11,5	
2498	11,6	
2499	12,1	
2500	11,0	
2501	10,2	
2502	10,6	
2503	10,8	
2504	11,2	
2505	11,7	
2506	12,4	
2507	11,2	
2508	12,6	
2509	11,3	
2510	12,1	
2511	12,1	
2512	11,6	
2513	12,2	
2514	11,9	
2515	12,6	
2516	13,1	
2517	13,1	
2518	12,7	
2519	12,3	
2520	12,2	
2521	12,8	
2522	13,1	
2523	13,1	
2524	12,9	
2525	13,2	
2526	13,0	
2527	12,7	
2528	13,1	
2529	12,6	
2530	13,3	
2531	13,2	
2532	11,6	
2533	11,6	
2534	12,4	
2535	12,0	
2536	12,5	
2537	12,1	
2538	12,5	
2539	12,2	
2540	11,9	
2541	13,2	
2542	12,6	
2543	12,8	
2544	13,9	
2545	14,0	
2546	13,6	
2547	14,2	
2548	13,8	
2549	14,2	
2550	13,4	
2551	13,4	
2552	13,8	
2553	14,2	
2554	12,5	
2555	12,0	
2556	11,9	
2557	12,0	
2558	12,9	
2559	13,1	
2560	11,2	
2561	12,5	
2562	11,4	
2563	11,7	
2564	11,9	
2565	12,3	
2566	13,3	
2567	12,4	
2568	12,2	
2569	12,9	
2570	12,0	
2571	12,6	
2572	13,1	
2573	14,0	
2574	13,0	
2575	13,0	
2576	12,4	
2577	16,9	
2578	15,2	
2579	13,4	
2580	13,7	
2581	13,9	
2582	12,2	
2583	10,6	
2584	12,1	
2585	12,5	
2586	13,4	
2587	12,2	
2588	12,7	
2589	12,9	
2590	11,5	
2591	9,7	
2592	11,3	
2593	11,1	
