[HEADER]
H01=项目编号:
H02=项目注释:
H03=用户:
H04=测量日期:	21.04.2023
H05=测量时间:	16:01:09
H06=文件名称:	C:\Users\Test-02\Desktop\421HF\10右\file_02.dat
H07=车厢号码:
H08=轮副:
H09=轨道基本间距:	0
H10=轨迹偏移:	0
H11=测量点数:	2592
H12=测量:	好
H14=轮子:	L
H13=扩展注释:
[MeasurementData]
[mm] [µm]
0	0,0	
1	0,4	
2	-0,1	
3	-0,8	
4	0,4	
5	-0,8	
6	-0,3	
7	-0,9	
8	-2,3	
9	-1,5	
10	0,4	
11	-1,0	
12	-1,2	
13	-0,8	
14	-1,1	
15	-0,8	
16	-1,5	
17	-0,6	
18	-0,7	
19	-0,9	
20	-0,5	
21	-1,0	
22	-0,8	
23	-1,3	
24	-1,2	
25	-0,4	
26	-2,6	
27	-1,4	
28	-1,9	
29	-1,5	
30	-1,7	
31	-1,8	
32	-0,5	
33	-2,1	
34	-1,4	
35	-1,4	
36	-1,7	
37	-1,0	
38	-2,3	
39	-2,0	
40	-1,9	
41	-1,9	
42	-2,5	
43	-2,0	
44	-1,4	
45	-1,2	
46	-0,1	
47	-1,5	
48	-1,8	
49	-2,1	
50	-2,4	
51	-2,6	
52	-2,2	
53	-2,6	
54	-2,1	
55	-2,2	
56	-3,0	
57	-2,5	
58	-2,7	
59	-2,8	
60	-3,1	
61	-3,4	
62	-1,6	
63	-2,2	
64	-3,0	
65	-2,8	
66	-2,7	
67	-2,7	
68	-2,9	
69	-2,8	
70	-2,8	
71	-2,3	
72	-2,3	
73	-2,2	
74	-1,8	
75	-2,8	
76	-2,6	
77	-3,0	
78	-2,4	
79	-1,9	
80	-1,9	
81	-2,2	
82	-2,3	
83	-2,2	
84	-1,9	
85	-2,5	
86	-2,6	
87	-3,2	
88	-2,7	
89	-2,5	
90	-2,0	
91	-2,9	
92	-3,3	
93	-2,3	
94	-2,6	
95	-1,7	
96	-1,7	
97	-1,0	
98	-2,4	
99	-1,3	
100	-1,7	
101	-1,7	
102	-2,0	
103	-1,0	
104	-1,8	
105	-1,3	
106	-1,0	
107	-0,2	
108	-1,2	
109	-0,9	
110	-1,9	
111	-1,4	
112	-1,8	
113	-2,2	
114	-2,5	
115	-2,5	
116	-2,3	
117	-2,0	
118	-1,5	
119	-2,2	
120	-2,2	
121	-2,2	
122	-2,4	
123	-2,1	
124	-2,2	
125	-2,2	
126	-0,9	
127	-1,7	
128	-1,9	
129	-1,6	
130	-1,5	
131	-1,3	
132	-2,1	
133	-1,8	
134	-1,4	
135	-1,5	
136	-1,4	
137	-1,2	
138	-1,5	
139	-1,2	
140	-1,8	
141	-1,2	
142	-0,7	
143	-0,7	
144	-0,8	
145	-1,1	
146	-1,3	
147	-0,7	
148	-1,0	
149	0,0	
150	-1,0	
151	-1,0	
152	-1,2	
153	-1,2	
154	-1,4	
155	-1,5	
156	-0,8	
157	-1,6	
158	0,3	
159	-1,1	
160	-0,9	
161	-0,8	
162	-0,6	
163	-1,0	
164	-1,1	
165	-1,6	
166	-0,6	
167	-0,9	
168	-1,3	
169	-1,1	
170	-1,2	
171	-0,1	
172	-0,7	
173	-0,9	
174	-1,0	
175	-0,7	
176	-0,7	
177	-0,2	
178	0,9	
179	-0,6	
180	-0,5	
181	-0,3	
182	-0,4	
183	-0,1	
184	-0,1	
185	0,5	
186	0,6	
187	0,8	
188	0,4	
189	0,6	
190	2,0	
191	0,3	
192	0,8	
193	2,2	
194	1,1	
195	3,3	
196	1,3	
197	1,4	
198	2,5	
199	0,4	
200	1,0	
201	1,5	
202	1,0	
203	2,3	
204	0,7	
205	1,1	
206	2,4	
207	1,8	
208	2,4	
209	1,9	
210	1,4	
211	3,0	
212	2,2	
213	1,7	
214	2,5	
215	2,5	
216	2,5	
217	2,0	
218	2,5	
219	2,4	
220	2,9	
221	2,5	
222	2,9	
223	2,9	
224	1,9	
225	3,2	
226	3,1	
227	3,2	
228	2,8	
229	2,7	
230	2,3	
231	7,0	
232	3,1	
233	3,7	
234	5,2	
235	4,0	
236	4,7	
237	3,7	
238	5,4	
239	5,2	
240	3,4	
241	4,6	
242	4,5	
243	4,9	
244	5,4	
245	4,3	
246	5,1	
247	5,4	
248	7,6	
249	6,7	
250	6,3	
251	6,7	
252	7,7	
253	6,5	
254	6,8	
255	7,1	
256	6,9	
257	6,0	
258	5,7	
259	5,0	
260	5,9	
261	6,4	
262	6,8	
263	7,6	
264	6,7	
265	7,1	
266	7,1	
267	7,4	
268	7,7	
269	7,9	
270	7,7	
271	7,8	
272	7,8	
273	7,5	
274	8,1	
275	7,8	
276	8,4	
277	8,5	
278	9,1	
279	9,4	
280	9,9	
281	10,0	
282	10,5	
283	10,4	
284	9,6	
285	9,3	
286	8,9	
287	10,6	
288	9,2	
289	9,6	
290	9,3	
291	9,1	
292	10,9	
293	10,1	
294	10,0	
295	9,8	
296	10,7	
297	11,2	
298	10,2	
299	10,8	
300	12,4	
301	11,5	
302	11,7	
303	11,1	
304	12,6	
305	10,6	
306	10,5	
307	10,9	
308	12,2	
309	11,7	
310	11,4	
311	11,6	
312	11,8	
313	11,6	
314	12,6	
315	12,9	
316	14,4	
317	12,9	
318	14,7	
319	12,4	
320	12,5	
321	12,6	
322	11,8	
323	13,5	
324	13,5	
325	13,6	
326	13,1	
327	12,4	
328	13,0	
329	14,0	
330	14,5	
331	13,8	
332	13,8	
333	15,0	
334	15,0	
335	14,2	
336	14,7	
337	14,1	
338	14,3	
339	14,6	
340	14,2	
341	15,5	
342	14,3	
343	13,8	
344	13,9	
345	13,3	
346	15,3	
347	16,3	
348	15,3	
349	14,5	
350	14,3	
351	15,8	
352	14,8	
353	15,7	
354	16,0	
355	16,2	
356	16,9	
357	16,6	
358	16,7	
359	15,8	
360	16,7	
361	17,5	
362	17,5	
363	17,5	
364	18,0	
365	17,7	
366	16,9	
367	19,8	
368	17,6	
369	18,5	
370	17,9	
371	18,7	
372	18,1	
373	18,2	
374	18,2	
375	18,9	
376	18,5	
377	18,6	
378	18,5	
379	19,8	
380	19,2	
381	20,2	
382	24,8	
383	19,8	
384	20,7	
385	19,8	
386	20,6	
387	21,6	
388	20,9	
389	21,9	
390	20,5	
391	21,1	
392	20,8	
393	21,2	
394	22,0	
395	20,8	
396	22,6	
397	21,6	
398	22,5	
399	22,6	
400	24,1	
401	24,1	
402	23,7	
403	22,2	
404	24,0	
405	22,9	
406	22,7	
407	23,5	
408	23,3	
409	23,6	
410	25,0	
411	25,2	
412	23,9	
413	25,8	
414	26,0	
415	25,9	
416	25,4	
417	24,7	
418	24,7	
419	25,1	
420	24,7	
421	25,3	
422	25,4	
423	25,6	
424	25,1	
425	26,3	
426	25,4	
427	25,7	
428	26,4	
429	26,5	
430	27,8	
431	26,9	
432	31,1	
433	28,2	
434	27,9	
435	28,8	
436	31,3	
437	28,4	
438	29,1	
439	27,8	
440	28,1	
441	27,8	
442	28,1	
443	28,0	
444	27,9	
445	29,2	
446	28,9	
447	29,1	
448	28,9	
449	29,5	
450	33,2	
451	30,3	
452	30,0	
453	30,3	
454	31,5	
455	29,5	
456	29,9	
457	30,7	
458	31,0	
459	31,0	
460	30,5	
461	31,6	
462	30,9	
463	35,1	
464	31,2	
465	32,2	
466	32,8	
467	33,4	
468	32,6	
469	38,7	
470	32,8	
471	33,0	
472	33,0	
473	33,9	
474	34,0	
475	33,5	
476	32,7	
477	33,6	
478	33,2	
479	34,8	
480	34,3	
481	34,5	
482	35,9	
483	35,6	
484	36,7	
485	37,2	
486	36,6	
487	36,5	
488	36,4	
489	36,9	
490	37,5	
491	37,6	
492	36,9	
493	38,0	
494	37,3	
495	36,8	
496	36,8	
497	36,7	
498	37,4	
499	38,0	
500	38,1	
501	38,7	
502	38,9	
503	40,2	
504	38,9	
505	38,8	
506	38,7	
507	38,7	
508	39,3	
509	39,5	
510	40,8	
511	40,4	
512	41,3	
513	40,4	
514	39,7	
515	38,8	
516	40,5	
517	40,9	
518	39,6	
519	39,7	
520	41,1	
521	40,3	
522	41,7	
523	42,8	
524	41,6	
525	42,6	
526	42,0	
527	42,1	
528	42,6	
529	42,9	
530	43,0	
531	43,0	
532	43,1	
533	43,1	
534	43,7	
535	42,6	
536	43,7	
537	43,7	
538	44,7	
539	44,1	
540	43,6	
541	45,0	
542	44,3	
543	45,0	
544	45,0	
545	45,5	
546	45,7	
547	46,3	
548	47,6	
549	45,0	
550	45,1	
551	45,6	
552	44,7	
553	47,0	
554	47,1	
555	46,1	
556	48,0	
557	46,5	
558	47,5	
559	48,7	
560	47,0	
561	47,7	
562	48,0	
563	48,1	
564	48,4	
565	49,2	
566	49,7	
567	49,2	
568	49,1	
569	49,8	
570	49,0	
571	49,0	
572	49,0	
573	50,3	
574	51,1	
575	49,1	
576	49,2	
577	49,7	
578	51,1	
579	50,2	
580	50,8	
581	49,7	
582	51,1	
583	51,1	
584	51,2	
585	50,7	
586	51,2	
587	51,8	
588	51,6	
589	51,7	
590	51,4	
591	52,6	
592	52,1	
593	52,8	
594	52,4	
595	52,7	
596	52,5	
597	53,0	
598	53,2	
599	54,5	
600	55,0	
601	54,6	
602	53,8	
603	53,4	
604	52,9	
605	53,4	
606	54,6	
607	54,4	
608	55,0	
609	55,3	
610	54,0	
611	54,3	
612	56,9	
613	55,8	
614	55,9	
615	55,7	
616	56,2	
617	58,8	
618	56,3	
619	59,1	
620	56,7	
621	55,9	
622	55,9	
623	56,1	
624	56,5	
625	56,1	
626	56,5	
627	57,6	
628	58,5	
629	57,7	
630	57,5	
631	58,0	
632	57,4	
633	57,4	
634	57,5	
635	58,1	
636	58,8	
637	58,8	
638	58,2	
639	57,8	
640	58,3	
641	59,4	
642	61,0	
643	60,4	
644	59,6	
645	59,7	
646	59,5	
647	59,8	
648	60,2	
649	59,7	
650	59,9	
651	61,2	
652	59,9	
653	60,5	
654	61,8	
655	60,6	
656	61,2	
657	61,1	
658	60,9	
659	61,0	
660	61,7	
661	61,9	
662	61,1	
663	62,6	
664	61,5	
665	61,3	
666	61,7	
667	62,1	
668	61,6	
669	62,1	
670	62,7	
671	62,5	
672	62,2	
673	61,7	
674	61,8	
675	61,0	
676	61,8	
677	62,1	
678	61,3	
679	61,9	
680	62,1	
681	62,9	
682	63,9	
683	63,9	
684	64,4	
685	63,8	
686	64,1	
687	65,4	
688	64,3	
689	64,0	
690	65,5	
691	64,5	
692	64,6	
693	63,8	
694	64,3	
695	64,2	
696	64,8	
697	65,2	
698	67,1	
699	65,2	
700	65,0	
701	65,1	
702	65,7	
703	65,8	
704	66,4	
705	65,9	
706	66,5	
707	65,9	
708	66,8	
709	66,5	
710	66,2	
711	67,8	
712	66,8	
713	67,7	
714	67,1	
715	68,1	
716	66,6	
717	66,3	
718	67,2	
719	67,3	
720	67,0	
721	67,4	
722	68,0	
723	67,5	
724	68,0	
725	68,4	
726	68,3	
727	68,7	
728	69,6	
729	69,3	
730	69,8	
731	69,8	
732	69,3	
733	69,3	
734	69,5	
735	69,4	
736	68,7	
737	69,5	
738	69,3	
739	70,2	
740	70,2	
741	70,5	
742	70,4	
743	70,9	
744	71,1	
745	70,5	
746	71,2	
747	71,1	
748	70,9	
749	71,3	
750	71,6	
751	71,0	
752	71,3	
753	71,9	
754	72,1	
755	72,0	
756	72,3	
757	72,7	
758	72,2	
759	72,5	
760	72,8	
761	73,9	
762	74,0	
763	73,8	
764	73,1	
765	74,6	
766	75,1	
767	75,1	
768	73,9	
769	74,3	
770	75,5	
771	74,1	
772	74,1	
773	75,3	
774	73,6	
775	78,7	
776	76,7	
777	75,7	
778	77,3	
779	76,7	
780	82,0	
781	78,6	
782	77,3	
783	83,3	
784	76,7	
785	77,8	
786	78,8	
787	79,8	
788	78,3	
789	80,5	
790	82,1	
791	78,7	
792	77,7	
793	78,4	
794	80,0	
795	77,5	
796	77,1	
797	77,1	
798	87,6	
799	83,5	
800	81,5	
801	77,3	
802	78,4	
803	77,9	
804	78,2	
805	77,6	
806	80,9	
807	81,4	
808	78,1	
809	78,5	
810	80,5	
811	81,6	
812	82,1	
813	78,4	
814	83,0	
815	82,8	
816	80,6	
817	79,0	
818	79,5	
819	79,5	
820	79,1	
821	79,6	
822	80,0	
823	79,9	
824	79,7	
825	85,2	
826	80,6	
827	79,8	
828	79,1	
829	82,7	
830	79,6	
831	79,0	
832	80,1	
833	80,3	
834	83,9	
835	89,4	
836	91,4	
837	91,2	
838	94,2	
839	86,4	
840	91,0	
841	88,1	
842	84,6	
843	81,5	
844	82,1	
845	81,7	
846	81,7	
847	82,5	
848	82,2	
849	83,3	
850	82,7	
851	84,0	
852	84,2	
853	82,2	
854	83,0	
855	82,6	
856	85,9	
857	88,8	
858	88,9	
859	84,5	
860	85,8	
861	86,3	
862	87,3	
863	83,8	
864	84,0	
865	88,1	
866	82,4	
867	82,0	
868	85,0	
869	83,0	
870	85,4	
871	84,9	
872	82,2	
873	82,1	
874	83,6	
875	83,5	
876	83,9	
877	84,3	
878	85,8	
879	84,3	
880	84,4	
881	83,6	
882	95,9	
883	84,6	
884	83,6	
885	86,3	
886	92,4	
887	88,9	
888	93,4	
889	94,7	
890	86,1	
891	83,9	
892	84,1	
893	85,6	
894	86,2	
895	88,2	
896	85,5	
897	89,1	
898	84,9	
899	87,1	
900	84,5	
901	85,3	
902	85,2	
903	85,6	
904	84,4	
905	84,6	
906	84,6	
907	84,5	
908	84,5	
909	87,2	
910	92,3	
911	84,9	
912	84,9	
913	84,9	
914	88,7	
915	90,0	
916	85,4	
917	84,3	
918	85,3	
919	85,0	
920	89,8	
921	88,4	
922	87,9	
923	89,6	
924	90,0	
925	86,3	
926	86,8	
927	84,6	
928	88,5	
929	105,1	
930	84,9	
931	89,0	
932	94,6	
933	87,5	
934	94,4	
935	85,9	
936	85,8	
937	85,1	
938	85,0	
939	84,4	
940	85,9	
941	84,8	
942	85,3	
943	84,2	
944	84,7	
945	84,5	
946	83,6	
947	83,4	
948	84,6	
949	84,9	
950	87,0	
951	86,6	
952	90,9	
953	87,2	
954	86,5	
955	87,3	
956	84,8	
957	83,5	
958	92,5	
959	84,8	
960	84,3	
961	83,5	
962	84,6	
963	85,1	
964	84,7	
965	87,7	
966	86,5	
967	85,7	
968	88,2	
969	84,6	
970	87,6	
971	86,8	
972	87,1	
973	93,3	
974	87,0	
975	87,2	
976	86,0	
977	90,0	
978	83,8	
979	84,0	
980	85,0	
981	84,4	
982	84,7	
983	83,7	
984	84,9	
985	83,8	
986	84,1	
987	84,1	
988	88,8	
989	85,9	
990	85,1	
991	90,5	
992	84,6	
993	85,1	
994	84,2	
995	84,3	
996	84,7	
997	84,5	
998	84,2	
999	84,0	
1000	83,2	
1001	84,8	
1002	83,5	
1003	83,6	
1004	82,8	
1005	83,4	
1006	83,3	
1007	84,2	
1008	83,4	
1009	83,4	
1010	84,0	
1011	83,5	
1012	84,8	
1013	83,3	
1014	83,1	
1015	83,0	
1016	83,0	
1017	84,3	
1018	82,1	
1019	82,6	
1020	81,6	
1021	82,4	
1022	81,4	
1023	81,4	
1024	82,7	
1025	83,0	
1026	82,4	
1027	82,2	
1028	82,9	
1029	82,0	
1030	82,1	
1031	82,8	
1032	82,7	
1033	82,6	
1034	81,7	
1035	82,4	
1036	82,4	
1037	81,2	
1038	82,2	
1039	83,6	
1040	81,4	
1041	81,9	
1042	81,3	
1043	83,6	
1044	81,0	
1045	81,1	
1046	81,4	
1047	83,1	
1048	83,1	
1049	81,6	
1050	81,5	
1051	81,0	
1052	80,8	
1053	81,2	
1054	80,3	
1055	80,3	
1056	80,0	
1057	81,2	
1058	80,7	
1059	79,9	
1060	79,3	
1061	78,9	
1062	79,5	
1063	79,0	
1064	79,7	
1065	79,4	
1066	79,6	
1067	84,4	
1068	79,3	
1069	78,8	
1070	79,1	
1071	79,7	
1072	79,1	
1073	81,4	
1074	79,7	
1075	80,6	
1076	78,5	
1077	77,4	
1078	78,4	
1079	77,6	
1080	78,3	
1081	77,7	
1082	78,1	
1083	78,3	
1084	77,9	
1085	78,9	
1086	77,6	
1087	77,3	
1088	78,4	
1089	77,2	
1090	78,0	
1091	77,2	
1092	77,1	
1093	76,4	
1094	77,7	
1095	76,8	
1096	76,4	
1097	75,9	
1098	76,2	
1099	74,4	
1100	75,2	
1101	74,8	
1102	75,6	
1103	74,2	
1104	74,1	
1105	74,9	
1106	74,8	
1107	74,3	
1108	74,3	
1109	73,9	
1110	73,6	
1111	74,9	
1112	72,9	
1113	72,8	
1114	73,0	
1115	71,3	
1116	73,0	
1117	72,7	
1118	71,7	
1119	72,6	
1120	72,0	
1121	72,1	
1122	72,0	
1123	71,9	
1124	71,2	
1125	72,0	
1126	74,3	
1127	70,9	
1128	71,0	
1129	70,8	
1130	70,6	
1131	70,4	
1132	70,6	
1133	70,0	
1134	70,6	
1135	70,0	
1136	70,3	
1137	70,9	
1138	70,1	
1139	70,0	
1140	69,9	
1141	72,0	
1142	69,5	
1143	69,1	
1144	70,0	
1145	69,1	
1146	68,8	
1147	68,7	
1148	68,0	
1149	68,0	
1150	68,2	
1151	68,0	
1152	67,6	
1153	66,7	
1154	66,9	
1155	67,6	
1156	66,2	
1157	66,1	
1158	67,1	
1159	65,2	
1160	65,1	
1161	65,8	
1162	65,9	
1163	64,6	
1164	64,8	
1165	64,7	
1166	65,4	
1167	64,1	
1168	63,8	
1169	63,1	
1170	63,6	
1171	63,5	
1172	63,3	
1173	64,6	
1174	62,8	
1175	62,8	
1176	61,0	
1177	62,1	
1178	64,4	
1179	62,0	
1180	62,8	
1181	63,1	
1182	61,9	
1183	60,5	
1184	61,1	
1185	59,4	
1186	58,8	
1187	59,4	
1188	59,0	
1189	59,0	
1190	59,6	
1191	59,8	
1192	59,4	
1193	58,4	
1194	58,2	
1195	57,7	
1196	57,7	
1197	57,6	
1198	57,6	
1199	57,3	
1200	57,9	
1201	58,3	
1202	57,0	
1203	57,1	
1204	57,3	
1205	56,5	
1206	56,4	
1207	55,3	
1208	56,3	
1209	54,8	
1210	55,6	
1211	54,9	
1212	55,3	
1213	54,5	
1214	54,2	
1215	54,5	
1216	52,8	
1217	53,8	
1218	51,9	
1219	52,4	
1220	52,7	
1221	52,5	
1222	52,4	
1223	52,5	
1224	51,9	
1225	52,4	
1226	52,2	
1227	51,2	
1228	51,7	
1229	50,7	
1230	49,9	
1231	50,9	
1232	51,0	
1233	51,0	
1234	50,9	
1235	50,1	
1236	50,2	
1237	48,8	
1238	48,6	
1239	51,8	
1240	50,9	
1241	48,6	
1242	48,7	
1243	48,1	
1244	49,1	
1245	47,6	
1246	51,4	
1247	46,5	
1248	49,3	
1249	46,6	
1250	45,9	
1251	45,9	
1252	46,9	
1253	45,5	
1254	45,6	
1255	45,5	
1256	44,8	
1257	44,8	
1258	45,0	
1259	44,4	
1260	44,2	
1261	44,3	
1262	44,9	
1263	43,5	
1264	43,6	
1265	43,5	
1266	42,6	
1267	43,0	
1268	41,9	
1269	40,9	
1270	40,7	
1271	40,7	
1272	40,8	
1273	40,6	
1274	40,5	
1275	40,3	
1276	40,2	
1277	39,0	
1278	41,0	
1279	38,6	
1280	38,9	
1281	38,8	
1282	38,9	
1283	38,1	
1284	38,1	
1285	39,0	
1286	38,5	
1287	38,0	
1288	38,3	
1289	38,3	
1290	38,1	
1291	37,5	
1292	37,1	
1293	37,5	
1294	36,4	
1295	36,9	
1296	37,6	
1297	35,8	
1298	37,1	
1299	37,8	
1300	36,5	
1301	35,5	
1302	35,0	
1303	36,5	
1304	35,1	
1305	34,9	
1306	35,1	
1307	34,6	
1308	33,8	
1309	34,0	
1310	33,8	
1311	33,3	
1312	33,2	
1313	33,4	
1314	33,0	
1315	33,2	
1316	33,2	
1317	32,8	
1318	33,1	
1319	32,3	
1320	31,7	
1321	31,8	
1322	32,2	
1323	31,0	
1324	31,5	
1325	30,7	
1326	30,9	
1327	30,7	
1328	31,1	
1329	30,7	
1330	30,3	
1331	31,2	
1332	30,1	
1333	28,9	
1334	29,3	
1335	29,0	
1336	29,7	
1337	29,2	
1338	29,6	
1339	28,7	
1340	29,4	
1341	28,2	
1342	27,6	
1343	27,7	
1344	28,1	
1345	27,0	
1346	27,1	
1347	27,8	
1348	26,6	
1349	27,5	
1350	28,2	
1351	27,2	
1352	26,9	
1353	26,3	
1354	26,2	
1355	26,1	
1356	26,5	
1357	26,2	
1358	25,6	
1359	25,2	
1360	26,2	
1361	25,7	
1362	25,2	
1363	24,7	
1364	24,6	
1365	24,4	
1366	25,1	
1367	23,6	
1368	24,8	
1369	23,7	
1370	23,6	
1371	24,4	
1372	23,5	
1373	23,3	
1374	22,9	
1375	23,9	
1376	22,8	
1377	22,5	
1378	23,0	
1379	23,8	
1380	21,7	
1381	22,5	
1382	21,6	
1383	21,4	
1384	21,2	
1385	21,1	
1386	21,1	
1387	20,8	
1388	22,9	
1389	19,8	
1390	20,3	
1391	19,5	
1392	20,0	
1393	19,7	
1394	19,7	
1395	19,3	
1396	20,9	
1397	20,1	
1398	20,6	
1399	18,8	
1400	19,6	
1401	19,2	
1402	18,7	
1403	18,4	
1404	18,2	
1405	19,3	
1406	18,4	
1407	18,4	
1408	18,5	
1409	17,7	
1410	18,1	
1411	17,0	
1412	18,3	
1413	17,0	
1414	17,7	
1415	17,5	
1416	17,3	
1417	19,3	
1418	18,1	
1419	16,3	
1420	16,1	
1421	15,8	
1422	15,6	
1423	16,1	
1424	16,2	
1425	16,6	
1426	15,7	
1427	16,6	
1428	16,2	
1429	15,3	
1430	16,5	
1431	15,4	
1432	15,7	
1433	15,2	
1434	15,7	
1435	15,2	
1436	14,8	
1437	15,3	
1438	15,3	
1439	14,9	
1440	15,4	
1441	14,0	
1442	14,3	
1443	14,1	
1444	14,0	
1445	13,6	
1446	13,8	
1447	13,9	
1448	14,4	
1449	13,8	
1450	13,7	
1451	13,6	
1452	13,4	
1453	14,2	
1454	13,4	
1455	13,6	
1456	12,9	
1457	13,8	
1458	13,7	
1459	13,1	
1460	13,0	
1461	13,5	
1462	13,7	
1463	13,3	
1464	13,3	
1465	13,2	
1466	13,0	
1467	12,7	
1468	12,9	
1469	12,7	
1470	12,3	
1471	12,5	
1472	12,7	
1473	13,0	
1474	12,2	
1475	12,8	
1476	12,2	
1477	12,4	
1478	12,4	
1479	12,0	
1480	13,3	
1481	12,5	
1482	12,5	
1483	13,1	
1484	13,7	
1485	13,3	
1486	12,7	
1487	12,7	
1488	12,1	
1489	11,4	
1490	12,0	
1491	11,8	
1492	12,1	
1493	16,7	
1494	12,4	
1495	13,2	
1496	11,6	
1497	12,1	
1498	12,8	
1499	12,2	
1500	12,6	
1501	12,0	
1502	12,8	
1503	12,1	
1504	12,6	
1505	12,4	
1506	12,7	
1507	11,2	
1508	12,2	
1509	11,4	
1510	11,2	
1511	10,8	
1512	10,9	
1513	10,5	
1514	11,3	
1515	11,7	
1516	12,0	
1517	11,5	
1518	11,7	
1519	11,8	
1520	12,0	
1521	12,5	
1522	13,1	
1523	12,2	
1524	11,7	
1525	11,8	
1526	12,2	
1527	11,4	
1528	11,7	
1529	11,5	
1530	10,8	
1531	11,0	
1532	11,6	
1533	12,0	
1534	13,8	
1535	13,1	
1536	12,6	
1537	13,0	
1538	13,6	
1539	13,2	
1540	12,9	
1541	13,5	
1542	13,3	
1543	13,1	
1544	15,0	
1545	13,5	
1546	13,2	
1547	13,7	
1548	12,7	
1549	12,9	
1550	14,0	
1551	12,9	
1552	13,1	
1553	13,1	
1554	14,0	
1555	13,4	
1556	14,2	
1557	13,2	
1558	13,7	
1559	14,2	
1560	13,4	
1561	14,0	
1562	13,4	
1563	13,6	
1564	13,6	
1565	13,5	
1566	13,4	
1567	15,1	
1568	14,4	
1569	12,8	
1570	12,7	
1571	13,9	
1572	12,9	
1573	13,5	
1574	13,5	
1575	16,2	
1576	12,8	
1577	13,2	
1578	13,2	
1579	13,2	
1580	14,3	
1581	13,4	
1582	14,1	
1583	12,6	
1584	12,6	
1585	12,5	
1586	12,1	
1587	13,3	
1588	12,4	
1589	12,1	
1590	11,7	
1591	13,6	
1592	12,1	
1593	12,9	
1594	12,8	
1595	12,7	
1596	13,4	
1597	13,6	
1598	13,2	
1599	13,1	
1600	13,3	
1601	13,5	
1602	14,4	
1603	14,6	
1604	14,9	
1605	14,2	
1606	14,9	
1607	13,8	
1608	14,9	
1609	14,2	
1610	14,4	
1611	15,7	
1612	14,3	
1613	13,6	
1614	15,1	
1615	14,8	
1616	14,0	
1617	14,7	
1618	15,4	
1619	14,5	
1620	15,9	
1621	14,1	
1622	14,0	
1623	14,3	
1624	14,6	
1625	14,1	
1626	14,7	
1627	14,5	
1628	14,7	
1629	15,0	
1630	14,5	
1631	15,1	
1632	16,4	
1633	14,9	
1634	15,4	
1635	15,5	
1636	15,2	
1637	15,6	
1638	15,4	
1639	14,8	
1640	15,6	
1641	15,0	
1642	16,3	
1643	14,0	
1644	15,5	
1645	15,4	
1646	15,3	
1647	15,0	
1648	14,9	
1649	15,6	
1650	15,5	
1651	15,4	
1652	15,4	
1653	15,6	
1654	15,7	
1655	15,9	
1656	15,7	
1657	15,9	
1658	16,7	
1659	16,3	
1660	15,2	
1661	16,3	
1662	17,1	
1663	17,0	
1664	17,4	
1665	18,1	
1666	16,7	
1667	15,7	
1668	17,7	
1669	16,5	
1670	16,3	
1671	17,8	
1672	16,3	
1673	16,3	
1674	17,1	
1675	16,3	
1676	16,1	
1677	18,2	
1678	17,8	
1679	17,1	
1680	18,3	
1681	17,2	
1682	17,9	
1683	17,3	
1684	18,5	
1685	18,3	
1686	18,5	
1687	17,4	
1688	17,9	
1689	18,7	
1690	18,8	
1691	18,3	
1692	18,5	
1693	18,5	
1694	18,9	
1695	18,5	
1696	18,9	
1697	18,6	
1698	19,5	
1699	18,6	
1700	18,8	
1701	19,2	
1702	19,4	
1703	19,2	
1704	19,1	
1705	19,7	
1706	20,6	
1707	19,2	
1708	19,2	
1709	19,0	
1710	19,4	
1711	19,5	
1712	19,7	
1713	19,6	
1714	19,2	
1715	20,0	
1716	19,8	
1717	19,1	
1718	20,8	
1719	20,8	
1720	20,2	
1721	20,0	
1722	20,0	
1723	20,0	
1724	20,1	
1725	20,1	
1726	19,3	
1727	19,6	
1728	21,5	
1729	20,2	
1730	20,1	
1731	19,2	
1732	20,0	
1733	20,1	
1734	19,9	
1735	19,3	
1736	21,7	
1737	20,5	
1738	20,5	
1739	20,8	
1740	21,1	
1741	21,2	
1742	20,6	
1743	20,6	
1744	20,9	
1745	21,0	
1746	21,2	
1747	22,1	
1748	22,2	
1749	21,8	
1750	21,9	
1751	22,7	
1752	22,2	
1753	22,7	
1754	22,5	
1755	22,3	
1756	22,3	
1757	25,0	
1758	22,4	
1759	21,6	
1760	21,9	
1761	21,5	
1762	22,4	
1763	22,5	
1764	22,7	
1765	22,8	
1766	22,7	
1767	23,0	
1768	22,7	
1769	23,5	
1770	24,3	
1771	23,1	
1772	23,7	
1773	23,9	
1774	23,3	
1775	23,1	
1776	23,2	
1777	23,3	
1778	23,1	
1779	24,7	
1780	23,6	
1781	23,8	
1782	23,5	
1783	23,8	
1784	24,2	
1785	23,4	
1786	23,5	
1787	23,4	
1788	23,5	
1789	23,5	
1790	23,6	
1791	25,5	
1792	24,1	
1793	24,2	
1794	25,0	
1795	24,4	
1796	26,7	
1797	25,9	
1798	25,2	
1799	24,7	
1800	24,7	
1801	24,5	
1802	26,3	
1803	25,1	
1804	25,1	
1805	25,0	
1806	25,7	
1807	25,8	
1808	27,2	
1809	26,8	
1810	26,5	
1811	25,7	
1812	28,2	
1813	25,9	
1814	24,3	
1815	25,0	
1816	24,6	
1817	25,4	
1818	24,8	
1819	25,9	
1820	25,2	
1821	24,2	
1822	25,8	
1823	26,9	
1824	26,2	
1825	26,2	
1826	26,7	
1827	27,3	
1828	27,5	
1829	27,1	
1830	27,1	
1831	27,5	
1832	27,1	
1833	26,7	
1834	27,5	
1835	27,4	
1836	26,9	
1837	29,6	
1838	27,7	
1839	27,9	
1840	27,9	
1841	27,3	
1842	27,3	
1843	26,8	
1844	26,8	
1845	28,7	
1846	27,2	
1847	29,0	
1848	27,9	
1849	28,1	
1850	29,2	
1851	28,0	
1852	28,1	
1853	28,2	
1854	28,2	
1855	27,8	
1856	28,1	
1857	28,1	
1858	29,5	
1859	28,0	
1860	28,8	
1861	28,9	
1862	28,8	
1863	28,7	
1864	29,0	
1865	28,1	
1866	27,9	
1867	28,8	
1868	29,2	
1869	30,6	
1870	28,1	
1871	28,2	
1872	28,5	
1873	27,8	
1874	28,5	
1875	27,8	
1876	30,2	
1877	31,5	
1878	30,4	
1879	28,5	
1880	28,8	
1881	28,9	
1882	28,9	
1883	29,3	
1884	29,7	
1885	30,0	
1886	29,9	
1887	30,8	
1888	29,6	
1889	29,6	
1890	30,0	
1891	30,2	
1892	30,1	
1893	31,0	
1894	30,6	
1895	30,3	
1896	30,1	
1897	30,8	
1898	30,9	
1899	30,5	
1900	30,3	
1901	30,6	
1902	30,1	
1903	29,9	
1904	30,7	
1905	31,5	
1906	30,2	
1907	31,2	
1908	30,9	
1909	31,0	
1910	31,8	
1911	30,9	
1912	32,1	
1913	30,6	
1914	31,6	
1915	31,2	
1916	31,4	
1917	31,8	
1918	31,8	
1919	31,6	
1920	32,3	
1921	32,0	
1922	32,2	
1923	32,0	
1924	32,6	
1925	31,2	
1926	32,0	
1927	32,4	
1928	32,3	
1929	30,4	
1930	31,3	
1931	31,2	
1932	32,7	
1933	31,2	
1934	31,3	
1935	31,7	
1936	31,6	
1937	32,1	
1938	32,2	
1939	34,1	
1940	32,6	
1941	32,4	
1942	33,8	
1943	32,3	
1944	32,2	
1945	32,4	
1946	32,8	
1947	33,4	
1948	31,9	
1949	31,8	
1950	32,5	
1951	32,0	
1952	31,5	
1953	31,5	
1954	31,5	
1955	32,1	
1956	31,2	
1957	31,2	
1958	31,5	
1959	32,7	
1960	31,7	
1961	32,1	
1962	31,9	
1963	31,6	
1964	32,0	
1965	32,2	
1966	31,9	
1967	32,0	
1968	32,0	
1969	31,9	
1970	31,3	
1971	32,0	
1972	32,4	
1973	32,0	
1974	32,9	
1975	31,9	
1976	32,1	
1977	32,4	
1978	31,7	
1979	32,1	
1980	33,1	
1981	32,3	
1982	31,9	
1983	31,0	
1984	31,1	
1985	31,0	
1986	31,4	
1987	30,9	
1988	32,6	
1989	30,5	
1990	31,2	
1991	31,2	
1992	31,3	
1993	30,7	
1994	31,4	
1995	31,0	
1996	31,1	
1997	30,7	
1998	31,1	
1999	31,0	
2000	32,0	
2001	32,4	
2002	32,6	
2003	31,5	
2004	31,3	
2005	31,2	
2006	31,3	
2007	31,4	
2008	31,1	
2009	31,3	
2010	30,5	
2011	30,6	
2012	30,9	
2013	34,2	
2014	30,5	
2015	30,7	
2016	31,2	
2017	31,4	
2018	32,8	
2019	31,1	
2020	31,4	
2021	31,1	
2022	30,5	
2023	30,0	
2024	30,3	
2025	30,4	
2026	30,4	
2027	31,0	
2028	31,1	
2029	31,1	
2030	31,4	
2031	30,4	
2032	31,1	
2033	31,1	
2034	30,9	
2035	30,6	
2036	30,3	
2037	31,0	
2038	30,8	
2039	30,2	
2040	30,8	
2041	31,0	
2042	30,2	
2043	29,4	
2044	30,6	
2045	30,4	
2046	29,2	
2047	29,6	
2048	31,3	
2049	30,4	
2050	29,6	
2051	30,0	
2052	30,2	
2053	31,6	
2054	30,7	
2055	30,1	
2056	30,6	
2057	30,8	
2058	31,0	
2059	31,3	
2060	30,7	
2061	31,8	
2062	30,3	
2063	31,4	
2064	32,1	
2065	31,3	
2066	31,5	
2067	31,2	
2068	32,0	
2069	31,2	
2070	31,5	
2071	31,2	
2072	30,9	
2073	32,1	
2074	31,9	
2075	31,3	
2076	31,3	
2077	30,1	
2078	32,2	
2079	30,6	
2080	30,5	
2081	31,1	
2082	31,4	
2083	31,2	
2084	31,4	
2085	30,6	
2086	31,0	
2087	30,6	
2088	30,7	
2089	31,7	
2090	31,2	
2091	31,0	
2092	31,1	
2093	30,8	
2094	31,3	
2095	31,6	
2096	33,5	
2097	32,1	
2098	30,8	
2099	31,9	
2100	31,3	
2101	30,7	
2102	30,9	
2103	31,4	
2104	30,7	
2105	30,7	
2106	30,4	
2107	34,2	
2108	29,8	
2109	31,0	
2110	31,6	
2111	32,6	
2112	30,2	
2113	30,6	
2114	31,2	
2115	31,4	
2116	31,7	
2117	31,2	
2118	30,9	
2119	30,9	
2120	31,1	
2121	30,7	
2122	33,0	
2123	30,9	
2124	30,8	
2125	30,8	
2126	30,9	
2127	31,6	
2128	31,2	
2129	31,5	
2130	31,6	
2131	30,7	
2132	30,9	
2133	30,6	
2134	30,1	
2135	30,6	
2136	30,7	
2137	29,7	
2138	30,2	
2139	30,0	
2140	29,9	
2141	30,7	
2142	30,7	
2143	30,4	
2144	31,1	
2145	30,3	
2146	30,6	
2147	31,1	
2148	30,5	
2149	30,6	
2150	30,5	
2151	32,8	
2152	31,1	
2153	30,2	
2154	31,3	
2155	30,5	
2156	30,0	
2157	30,3	
2158	30,7	
2159	30,1	
2160	30,0	
2161	29,9	
2162	30,3	
2163	29,9	
2164	30,1	
2165	30,1	
2166	30,4	
2167	29,7	
2168	29,8	
2169	30,0	
2170	29,7	
2171	29,6	
2172	30,6	
2173	29,9	
2174	30,1	
2175	30,1	
2176	30,4	
2177	30,1	
2178	30,3	
2179	30,0	
2180	29,5	
2181	29,3	
2182	29,8	
2183	29,2	
2184	29,2	
2185	30,0	
2186	29,7	
2187	28,8	
2188	29,0	
2189	28,3	
2190	28,4	
2191	26,9	
2192	27,6	
2193	27,3	
2194	27,7	
2195	30,2	
2196	28,0	
2197	27,8	
2198	28,1	
2199	29,5	
2200	29,4	
2201	29,6	
2202	31,3	
2203	31,8	
2204	30,1	
2205	30,2	
2206	29,8	
2207	30,0	
2208	29,8	
2209	29,1	
2210	29,5	
2211	28,9	
2212	29,9	
2213	29,2	
2214	28,5	
2215	28,6	
2216	29,7	
2217	28,6	
2218	28,6	
2219	28,6	
2220	27,7	
2221	29,6	
2222	28,5	
2223	29,4	
2224	28,4	
2225	28,1	
2226	29,1	
2227	28,9	
2228	29,2	
2229	29,2	
2230	28,8	
2231	28,4	
2232	29,9	
2233	28,8	
2234	29,0	
2235	28,8	
2236	27,9	
2237	28,9	
2238	28,3	
2239	28,1	
2240	27,8	
2241	30,6	
2242	27,3	
2243	28,2	
2244	27,7	
2245	30,1	
2246	27,4	
2247	26,8	
2248	27,8	
2249	27,3	
2250	27,7	
2251	26,9	
2252	26,6	
2253	26,8	
2254	26,8	
2255	26,4	
2256	26,9	
2257	27,1	
2258	26,7	
2259	26,5	
2260	27,1	
2261	27,5	
2262	28,2	
2263	28,3	
2264	30,6	
2265	27,4	
2266	27,4	
2267	27,3	
2268	26,6	
2269	26,4	
2270	26,8	
2271	27,7	
2272	26,1	
2273	27,1	
2274	25,8	
2275	25,9	
2276	25,9	
2277	26,0	
2278	26,1	
2279	25,7	
2280	25,2	
2281	25,3	
2282	25,1	
2283	26,2	
2284	25,2	
2285	25,5	
2286	24,9	
2287	25,5	
2288	25,5	
2289	25,9	
2290	25,7	
2291	24,7	
2292	25,3	
2293	25,3	
2294	25,2	
2295	25,2	
2296	25,6	
2297	24,5	
2298	24,6	
2299	23,8	
2300	25,0	
2301	24,6	
2302	24,3	
2303	24,4	
2304	24,1	
2305	23,3	
2306	24,4	
2307	23,4	
2308	23,4	
2309	23,8	
2310	25,0	
2311	23,7	
2312	24,7	
2313	22,9	
2314	23,6	
2315	22,9	
2316	23,5	
2317	22,0	
2318	23,0	
2319	23,7	
2320	23,2	
2321	23,2	
2322	22,4	
2323	21,7	
2324	20,8	
2325	21,2	
2326	22,1	
2327	21,6	
2328	22,4	
2329	22,3	
2330	21,7	
2331	24,9	
2332	21,0	
2333	20,2	
2334	20,3	
2335	21,0	
2336	21,5	
2337	22,3	
2338	21,2	
2339	20,7	
2340	20,5	
2341	21,3	
2342	21,2	
2343	20,7	
2344	20,7	
2345	22,4	
2346	21,1	
2347	20,6	
2348	20,4	
2349	20,3	
2350	20,1	
2351	19,7	
2352	21,9	
2353	22,2	
2354	19,7	
2355	19,1	
2356	19,4	
2357	19,6	
2358	19,3	
2359	18,4	
2360	18,8	
2361	18,5	
2362	18,7	
2363	18,9	
2364	22,4	
2365	18,6	
2366	18,3	
2367	18,2	
2368	18,7	
2369	18,5	
2370	18,1	
2371	18,4	
2372	18,1	
2373	18,1	
2374	17,5	
2375	17,9	
2376	17,0	
2377	16,9	
2378	17,2	
2379	18,5	
2380	17,1	
2381	16,8	
2382	17,5	
2383	17,0	
2384	16,2	
2385	17,5	
2386	17,8	
2387	16,3	
2388	16,6	
2389	16,3	
2390	15,7	
2391	16,3	
2392	18,7	
2393	15,1	
2394	14,8	
2395	14,9	
2396	15,2	
2397	14,7	
2398	15,2	
2399	15,0	
2400	18,5	
2401	15,5	
2402	15,0	
2403	15,4	
2404	14,9	
2405	14,4	
2406	14,8	
2407	14,4	
2408	14,7	
2409	16,1	
2410	14,9	
2411	14,4	
2412	13,7	
2413	14,1	
2414	13,3	
2415	13,1	
2416	13,3	
2417	13,7	
2418	13,8	
2419	13,9	
2420	13,6	
2421	13,7	
2422	15,0	
2423	13,9	
2424	13,8	
2425	13,0	
2426	13,3	
2427	13,2	
2428	14,6	
2429	12,9	
2430	13,5	
2431	14,4	
2432	13,2	
2433	13,2	
2434	13,2	
2435	12,3	
2436	11,8	
2437	13,1	
2438	12,8	
2439	13,3	
2440	11,4	
2441	12,3	
2442	12,8	
2443	14,7	
2444	12,6	
2445	12,1	
2446	13,0	
2447	12,6	
2448	12,2	
2449	12,4	
2450	11,8	
2451	12,5	
2452	11,2	
2453	11,2	
2454	11,4	
2455	11,0	
2456	11,1	
2457	12,2	
2458	14,2	
2459	11,5	
2460	11,5	
2461	11,2	
2462	11,3	
2463	11,1	
2464	10,5	
2465	10,8	
2466	10,9	
2467	10,5	
2468	9,6	
2469	12,3	
2470	10,4	
2471	11,8	
2472	9,9	
2473	10,0	
2474	9,3	
2475	8,5	
2476	12,2	
2477	8,6	
2478	10,1	
2479	8,1	
2480	8,1	
2481	8,2	
2482	8,6	
2483	8,8	
2484	8,0	
2485	7,9	
2486	8,4	
2487	8,0	
2488	9,6	
2489	9,0	
2490	8,4	
2491	8,5	
2492	8,3	
2493	8,3	
2494	8,7	
2495	8,3	
2496	8,8	
2497	8,2	
2498	9,2	
2499	8,8	
2500	8,0	
2501	8,4	
2502	8,0	
2503	7,8	
2504	7,9	
2505	8,2	
2506	7,1	
2507	7,2	
2508	7,3	
2509	7,9	
2510	6,8	
2511	6,7	
2512	6,6	
2513	6,7	
2514	6,8	
2515	7,0	
2516	6,7	
2517	6,4	
2518	7,0	
2519	6,6	
2520	6,3	
2521	5,8	
2522	6,3	
2523	5,8	
2524	5,7	
2525	4,9	
2526	5,2	
2527	5,3	
2528	5,3	
2529	5,6	
2530	6,6	
2531	5,1	
2532	5,1	
2533	5,9	
2534	6,0	
2535	4,5	
2536	5,5	
2537	4,6	
2538	5,3	
2539	4,3	
2540	4,5	
2541	4,0	
2542	4,6	
2543	5,1	
2544	5,2	
2545	4,6	
2546	4,6	
2547	9,4	
2548	5,1	
2549	4,3	
2550	5,3	
2551	5,5	
2552	4,8	
2553	5,5	
2554	5,2	
2555	4,4	
2556	4,7	
2557	6,5	
2558	4,1	
2559	4,6	
2560	5,0	
2561	4,8	
2562	5,0	
2563	6,2	
2564	4,4	
2565	4,5	
2566	4,2	
2567	4,9	
2568	3,4	
2569	3,3	
2570	2,5	
2571	3,2	
2572	3,8	
2573	3,8	
2574	4,0	
2575	3,9	
2576	7,0	
2577	3,4	
2578	3,7	
2579	3,2	
2580	3,1	
2581	3,1	
2582	4,1	
2583	14,5	
2584	9,1	
2585	6,2	
2586	6,7	
2587	2,1	
2588	4,1	
2589	3,7	
2590	2,0	
2591	2,3	
